"CV_rep1"	"CV_rep2"	"CV_rep3"	"CV_rep4"	"CV_rep5"	"CV_rep6"	"CV_rep7"	"CV_rep8"	"CV_rep9"	"CV_rep10"
"ERR1624539"	0.460025140833309	0.361904019285533	0.389924541037069	0.302241089425812	0.453647631459111	0.470383654401757	0.532633401917937	0.437579768820597	0.433643535515361	0.226125512647078
"ERR1624542"	0.553202376889468	0.53466735410735	0.535747000921295	0.561028985415643	0.591809558888465	0.303517412725115	0.614850523848337	0.692198807958611	0.547723152058496	0.575298912108803
"ERR1624545"	0.966058017069173	0.926474373966066	0.948000294879001	0.96623643298619	0.890121313032131	0.956823241707282	0.988622107728293	0.975739064294286	0.945020292908471	0.971751955895649
"ERR1624547"	0.735763803392595	0.732510459079343	0.783793292528994	0.728812803092712	0.52525511247513	0.725297000325565	0.529498429353176	0.65935509935472	0.604867193231232	0.618624476898423
"ERR1624549"	0.290918644117058	0.399601585338092	0.28495715572597	0.308629479594436	0.45469027499464	0.324721403055686	0.31617300483	0.591365108726173	0.302556005131226	0.582502878943753
"ERR1624550"	0.138135395025241	0.104793648768416	0.178198525787085	0.27689259710463	0.36302362038309	0.0892124512281144	0.17675189042326	0.164538190451865	0.335592801890899	0.330740600255448
"ERR1624552"	0.81969865887138	0.754124181525343	0.672311868663415	0.727387115361131	0.708707722681933	0.768882325094227	0.799830229418987	0.724874268053985	0.803426088765431	0.775927666532073
"ERR1624553"	0.344856908469757	0.25118089550936	0.413925929491958	0.406633492184725	0.285227686043189	0.447232383928383	0.381592718452474	0.540412462403675	0.26494228860312	0.287326432608695
"ERR1624554"	0.663006826725728	0.145030905242304	0.12031559352401	0.665828976772324	0.305871790767101	0.21876007756609	0.236831012693375	0.446244572998861	0.349437586462075	0.358284881748751
"ERR1624555"	0.392996200836777	0.230004691999281	0.480612019035433	0.324310505998382	0.307977722225333	0.307581705873949	0.360215922320059	0.287181159451082	0.469079817758477	0.216014864094197
"ERR1624556"	0.629335296809326	0.896166038190323	0.747713529516269	0.942329296660214	0.686073309037973	0.856147051616761	0.968452684588539	0.950145652565453	0.899909077658008	0.913437362404072
"ERR1624559"	0.707256661799203	0.703569028459566	0.693991826437929	0.534661731622146	0.662825637110081	0.562191945085191	0.725024341787416	0.43154954722541	0.691044481877419	0.715166014513827
"ERR1624560"	0.843358761348111	0.773966149451764	0.820503342931404	0.855626230324477	0.744106941927683	0.794610827982324	0.915588086940624	0.735081124168771	0.775551020316941	0.68047454780818
"ERR1624562"	0.728387548896792	0.854303311790523	0.742253177204986	0.573338779727767	0.89922929340413	0.757660094451853	0.809369190761162	0.630653598334783	0.641443996556388	0.796618233200616
"ERR1624564"	0.879686865608477	0.615388332141852	0.684940960921549	0.839451809284206	0.839844041435869	0.761155100797518	0.831342286831923	0.651611712635992	0.695008615394225	0.863160491300409
"ERR1624565"	0.225915966779254	0.4550218493974	0.627101554524106	0.507320796878209	0.263325504949236	0.469365318134288	0.329161412437248	0.41980252998335	0.448349674913609	0.429979391782929
"ERR1624567"	0.7326815592127	0.558525727124064	0.533439753542155	0.745864058702234	0.572480094491531	0.526892533142974	0.696828336125654	0.654448029834872	0.54566874521141	0.673781330318541
"ERR1624570"	0.288864781824816	0.399307971011896	0.290908623189186	0.294420566484513	0.212509597031085	0.404159494622191	0.214442236904437	0.374156926532973	0.341864233273858	0.538462968127333
"ERR1624536"	0.328341190551917	0.254883858866235	0.3505797660358	0.267858092238787	0.16997123786376	0.324919773568062	0.259964319092629	0.244972612112256	0.275037906801444	0.281531280362961
"ERR1624537"	0.423182570359986	0.461613757482913	0.36495573192748	0.183968340522574	0.175239805978535	0.330217479241217	0.270909805219886	0.186654920620857	0.338058948854753	0.206851559338428
"ERR1624538"	0.285940892113393	0.261795282275902	0.381109033386001	0.389681019828511	0.230628513410779	0.369043237455184	0.264633116729623	0.237276272896497	0.306137948018494	0.283626519155276
"ERR1624540"	0.505260121341963	0.433448354827188	0.60594089290235	0.309183531803623	0.631133353522688	0.515441800402417	0.652489567218554	0.542127175419563	0.404744007450028	0.34187421483831
"ERR1624541"	0.118914533640123	0.400451652034156	0.278133244655683	0.156307946120306	0.193491116664068	0.192389488070635	0.0936806646645094	0.140533644951428	0.143328610226304	0.196825304059039
"ERR1624543"	0.354209853349604	0.523469884427169	0.445841563817593	0.465832946059183	0.427897044814744	0.437509993413643	0.332771864044602	0.306637485820577	0.370818808656583	0.236873541959553
"ERR1624544"	0.752436540690729	0.81343926327342	0.58449408496107	0.858326714979149	0.804380901286016	0.842893116490229	0.852408744344705	0.803657396329655	0.791750057380625	0.763563939349638
"ERR1624546"	0.45631943465705	0.323403300873528	0.208695132480943	0.353278271786697	0.24652299157249	0.357200449261393	0.294565334834688	0.534694401174644	0.331285497507596	0.232058616853809
"ERR1624548"	0.353598148607829	0.418206109918604	0.264512035581762	0.223526841853301	0.222206829811158	0.277951985122543	0.337229190362126	0.322601153020448	0.404980876524286	0.386213101316784
"ERR1624551"	0.410553480733867	0.52334443614994	0.29807671716952	0.355512310689044	0.310189785904787	0.336161717517846	0.309722939952457	0.420472832494371	0.282646190739419	0.487299521086379
"ERR1624557"	0.226473778992631	0.434329999500508	0.311785439700028	0.325757894832019	0.227511230842351	0.345004846390876	0.3259675812581	0.268744761796373	0.19408204553487	0.245460163515463
"ERR1624558"	0.850142045554291	0.809811918947911	0.83812722357697	0.779546074254977	0.891160889427326	0.72920804740265	0.774585873868061	0.576931909295451	0.74866968966633	0.820339659968803
"ERR1624561"	0.464594451676982	0.522907501692087	0.567189382109755	0.494747115125303	0.714401663460211	0.556657869727065	0.510760759864019	0.499471318644433	0.699152822123512	0.583356984236115
"ERR1624563"	0.464922062309864	0.51555983696863	0.747770823159238	0.500836875665715	0.514389296423361	0.466364189050318	0.697449423742561	0.570717461289236	0.483355509918155	0.404602889851125
"ERR1624566"	0.123844926253079	0.333465459616402	0.144271194150563	0.425607576584918	0.293396177686764	0.320171866386856	0.41204208872244	0.464438628766684	0.334704084269179	0.520585107133874
"ERR1624568"	0.226116407230328	0.116951423961041	0.233300589656685	0.0926719957142356	0.145214048787334	0.160443561442791	0.173815370527425	0.151992312148449	0.224773640434917	0.148839008054513
"ERR1624569"	0.692871587677151	0.449675525340777	0.66707577148301	0.543380491554942	0.721161073975868	0.548861752690676	0.538212109944783	0.503553242438266	0.562273223652132	0.59146933757091
"ERR1624571"	0.32447346039613	0.551176207555707	0.507202873245835	0.862423241686192	0.497417980335908	0.487497859269534	0.636921966515774	0.563413487667464	0.549211335165025	0.38313127238654
"ERR1624572"	0.507328369195975	0.535268173079634	0.65177120863807	0.495718185501823	0.427898351734187	0.529474329410903	0.563491460726933	0.600210727225992	0.583534038136938	0.716531041770019
"ERR1624573"	0.653813995380499	0.690990396949769	0.788559592788028	0.631085896041992	0.595276201331226	0.850691827714828	0.888396935551283	0.402557811313135	0.895898102716032	0.547678828239986
