"CV_rep1"	"CV_rep2"	"CV_rep3"	"CV_rep4"	"CV_rep5"	"CV_rep6"	"CV_rep7"	"CV_rep8"	"CV_rep9"	"CV_rep10"
"SAMPLE-1"	0.952085972201236	0.973733302661936	0.980044280113794	0.968188234530348	0.961555837040787	0.988592936575596	0.967954964758686	0.976611082791521	0.978555671071618	0.964770034942351
"SAMPLE-2"	0.274308785030443	0.271647547875437	0.254273090337885	0.164167093091858	0.366934317201005	0.388867005176093	0.309731682265835	0.136356941481199	0.0829759482274518	0.0824387955361246
"SAMPLE-3"	0.981064115947295	0.987907768878809	0.987508372429428	0.9765936944868	0.986563108333614	0.97724014772012	0.979005784195665	0.98459490445287	0.989154694128208	0.985443345455342
"SAMPLE-4"	0.943824757085284	0.919172746980267	0.918256565161096	0.957755197012964	0.962285471891542	0.897552133497545	0.91207797956429	0.984399586731437	0.892260543527923	0.81892265637291
"SAMPLE-5"	0.587626588952223	0.585381338552787	0.208772476758989	0.469375318282678	0.649522675351496	0.572329023468536	0.609966785847867	0.497672643436236	0.576802266587452	0.319315519167126
"SAMPLE-6"	0.686494523430893	0.915538949786184	0.648822254618948	0.783472710468335	0.840540594434245	0.85689575686384	0.603376830698069	0.486845479896389	0.839609971237909	0.459777495359109
"SAMPLE-7"	0.982183302886866	0.992770907820567	0.985333572508774	0.941299351356375	0.982503639063316	0.977628400377903	0.971114806752248	0.986643949137581	0.993526134652894	0.980231867323344
"SAMPLE-8"	0.181948690222379	0.489627034907325	0.224088279374655	0.26562477627139	0.331497662762961	0.132772921543398	0.208161577751828	0.217229022405665	0.431403347632878	0.227052251066867
"SAMPLE-9"	0.867391050156024	0.737043315613334	0.88790681521269	0.819795095389759	0.74496742536504	0.795779746272182	0.889743405625525	0.491932956486159	0.668808957846476	0.801611545433678
"SAMPLE-10"	0.984705347269782	0.953182160710885	0.965936960778774	0.97654337828433	0.974093454905335	0.98866092269426	0.974382993199663	0.956153290920689	0.977932919621532	0.983904891930513
"SAMPLE-11"	0.989715514411629	0.983584893338107	0.938671473245833	0.965957077123424	0.99643326303992	0.977130151227281	0.939530388693647	0.966525430228163	0.984854430278536	0.988532416183992
"SAMPLE-12"	0.0332072205359749	0.24834453313669	0.129244080130227	0.0523938263538665	0.0112267378677509	0.0191017185252378	0.0524446224958989	0.058377335683839	0.0338448042407313	0.0303649341194478
"SAMPLE-13"	0.737577996994919	0.896135514209087	0.930010949956362	0.895151052882102	0.873660085127544	0.953196625618892	0.936546046249551	0.764931422964116	0.748865660028047	0.773976240522103
"SAMPLE-14"	0.141041487070663	0.0588096604969336	0.0423229346164695	0.138735095347539	0.216146998208	0.0885651771221766	0.0929629260816549	0.171231045715693	0.0911599160559338	0.20625236906775
"SAMPLE-15"	0.0669479530190081	0.0813786873897814	0.0626188252846486	0.13355853148219	0.0294308387635332	0.0816673690381726	0.0411023064028578	0.0371296308590617	0.0422798590166866	0.0474909811839843
"SAMPLE-16"	0.999569519482122	0.999174531825985	0.999152394340341	0.99828709544488	0.999820419829847	0.99962193294406	0.999793198159402	0.999821239209422	0.998767374686714	0.999652662574628
"SAMPLE-17"	0.838280961270089	0.841616302259713	0.689281164564428	0.552039519071334	0.552593813221661	0.851382453874212	0.745810030025709	0.611176076354901	0.789178153114907	0.764167021565599
"SAMPLE-18"	0.063375293046954	0.137869727010075	0.280630530171112	0.350069993676122	0.378173787368944	0.422397851677425	0.173212090979915	0.0884850558746589	0.505113990260557	0.189043722879044
"SAMPLE-19"	0.889060044794839	0.980811738058988	0.94418444201834	0.937993209653874	0.905005699075634	0.944032061803539	0.928539591493407	0.939294755965081	0.963002088644252	0.917953566603426
"SAMPLE-20"	0.735518801194758	0.885497004892855	0.885023371694116	0.602977781197495	0.792805062628622	0.729946048291391	0.772897395184174	0.644828260854833	0.849220720550949	0.868453682547305
"SAMPLE-21"	0.297783139096076	0.51478992305282	0.353062005202363	0.422628975007513	0.313468440784891	0.125721419390484	0.116124360291466	0.107917530999499	0.133887388505429	0.334829660388725
"SAMPLE-22"	0.818492009887254	0.920252756431651	0.893533840413219	0.800590497297778	0.891569522029099	0.93735364758512	0.921966087313137	0.728914037547204	0.833145531123582	0.859311375772562
"SAMPLE-23"	0.122513487489107	0.101960628034273	0.500113330832252	0.257544226154343	0.373755932529386	0.33930607090211	0.14470047484344	0.174377343118284	0.114842740597974	0.0885310949230089
"SAMPLE-24"	0.0182760252386203	0.0740672405062369	0.00814764644646092	0.0137683506368221	0.0444946167406555	0.0198321688891242	0.0277832926672242	0.0123340004961925	0.0160395674703755	0.0627978207242073
"SAMPLE-25"	0.122076439313228	0.174542836140336	0.036289704139569	0.0679487467443211	0.176873387739635	0.118397670901092	0.0520419079926386	0.01576889374006	0.0528077486226806	0.0362255277182495
"SAMPLE-26"	0.945509693948761	0.955273205384943	0.990632006177607	0.934320022794224	0.989777208937199	0.945669178069514	0.951136643865919	0.958776978186982	0.937156212057662	0.951667392676248
"SAMPLE-27"	0.799796723132622	0.983247485299241	0.837098782707611	0.840743419469541	0.823551065642545	0.840522770340212	0.818146243147668	0.872178852445558	0.811334342273308	0.901693844298782
"SAMPLE-28"	0.719661307790528	0.860491857885213	0.709931419194611	0.725931697826326	0.739345085598218	0.928850798610391	0.978478368914231	0.906200448434007	0.784281722973474	0.923500928247596
"SAMPLE-29"	0.272381809771579	0.726905758803955	0.532394989653098	0.590128041567493	0.881961795671978	0.743740869431099	0.891987431778213	0.449414671129996	0.923483007070701	0.918469501711536
"SAMPLE-30"	0.0183254013852223	0.0232904691691365	0.0263000343282352	0.0211781120356324	0.0204708334422353	0.136823489390531	0.0208699887652079	0.0211053599152184	0.025157957531823	0.0113872210221912
"SAMPLE-31"	0.177670324771745	0.601460282472795	0.707184562928934	0.611859367639258	0.515986654397032	0.365520195067267	0.555616328323256	0.248104749300826	0.227454701117924	0.294231399462904
"SAMPLE-32"	0.9895034550621	0.990509393841816	0.996102847502927	0.98124404422658	0.997552836265528	0.967942984937153	0.997801667448578	0.987272332196139	0.989599134535553	0.98307603824386
"SAMPLE-33"	0.114421254514222	0.106722892633358	0.140574489997884	0.0790327658895884	0.0752071098141846	0.12520318103842	0.0970298079594929	0.0431010038946681	0.100746305206138	0.0468644201831398
"SAMPLE-34"	0.134578756924958	0.0979656392236811	0.0568916639501896	0.0465508133695606	0.0373618501988778	0.152721912714468	0.136841955530695	0.037354284773785	0.0249788294068743	0.049618331120963
"SAMPLE-35"	0.996704265593429	0.992757983598067	0.998454439795905	0.97681971909289	0.977299269408885	0.996265262568751	0.998359072331774	0.997792062966747	0.994764427351014	0.99449485259224
"SAMPLE-36"	0.0909538459932404	0.0581193221206108	0.0865122588750976	0.105492280277462	0.132598399960656	0.166064112510565	0.180836667154723	0.084381207757851	0.075251814705965	0.277000370872887
"SAMPLE-37"	0.079411249817699	0.0803599523060209	0.0500124902485621	0.0523356771439736	0.138101458185379	0.214510265201149	0.153868210772848	0.10254986165225	0.0376065617833244	0.0643532054982137
"SAMPLE-38"	0.729623562257784	0.727445110840332	0.620409413581332	0.629672388236404	0.84742900779468	0.607826638969988	0.634010544851273	0.75607873573689	0.860490551376075	0.461101689899077
"SAMPLE-39"	0.935703232567578	0.990725098989734	0.962394247649647	0.971320345715069	0.927889380804842	0.990230614836623	0.899242702217366	0.85349269267484	0.870221065206456	0.983589758063988
"SAMPLE-40"	0.21923842917536	0.311850919332683	0.07595108507354	0.136417488868429	0.0285666081345319	0.081367067758122	0.355930936916863	0.192488525753671	0.148469752594511	0.172313388214316
"SAMPLE-41"	0.0145833387735234	0.0103841994013401	0.0109876435852185	0.0320400780174745	0.00846102056654446	0.0109659196956597	0.00747658174304746	0.0403836854794085	0.0283218951203321	0.00862848978550601
"SAMPLE-42"	0.236770522096814	0.19680432164519	0.571471992381398	0.238557109434932	0.450447162863529	0.501282640770799	0.613053713279364	0.4420393455563	0.586947974413791	0.431931456871238
"SAMPLE-43"	0.0980425035689154	0.111082432396353	0.0604044455899526	0.0805420816163051	0.0453683662592774	0.0427350687814299	0.100870286622279	0.0496268375252534	0.0531102171712307	0.105003341682448
"SAMPLE-44"	0.926663367336081	0.99701455388606	0.957957517906953	0.987275584157727	0.946345888102086	0.999124099772373	0.976437000728732	0.982605040211708	0.982245356800391	0.967794692299764
"SAMPLE-45"	0.662744002440705	0.523639873059949	0.462920103291183	0.604501811431543	0.362662708688519	0.573824326668579	0.649016960415867	0.793221027498398	0.47716617025339	0.710269573855803
"SAMPLE-46"	0.563302668896026	0.813543756098203	0.617369821554424	0.83040488220827	0.780278984289303	0.850103114783583	0.630492563088773	0.319283400187683	0.69056487308589	0.406027962906417
"SAMPLE-47"	0.167182842594522	0.165882150352972	0.0870711356751316	0.139562155451704	0.249630231275093	0.307593534242774	0.124990438637118	0.106849799028519	0.153936142841722	0.340868906105577
"SAMPLE-48"	0.629612078296942	0.462918701496992	0.361636090197456	0.778752854389579	0.485593157001733	0.560158397755701	0.560524027624919	0.685908617498102	0.630979326865489	0.628049000075575
"SAMPLE-49"	0.0535611608380681	0.132103638919551	0.0706164880640879	0.0805658474326708	0.0544230925909037	0.0538777180420782	0.045596891354091	0.195542878386721	0.0871996167976117	0.176262368713873
"SAMPLE-50"	0.913171163680206	0.944236753762194	0.944687486470268	0.885041102632304	0.968935058274212	0.906977760871092	0.92561509375594	0.950416005832999	0.94470093643531	0.895211007329943
"SAMPLE-51"	0.960554614863014	0.965311093359969	0.952455034452669	0.957236678054048	0.981136665218952	0.96528027801928	0.982417456558825	0.942212546882811	0.943898890551283	0.991888994150942
"SAMPLE-52"	0.114976388588306	0.0506578551005991	0.0174959388215717	0.0986086282835152	0.0214279654209186	0.0488606762996164	0.0299064673032334	0.0524042734190175	0.018749329332176	0.0380746934127096
"SAMPLE-53"	0.814879349525115	0.843584704822309	0.735267775151996	0.943053440477174	0.622108112111528	0.69279379221703	0.849424595526349	0.782950194079998	0.789860348232891	0.486073728697154
"SAMPLE-54"	0.310365206960127	0.154347661932566	0.243103693296366	0.374693133985058	0.193979348761339	0.054852545213847	0.108455593823031	0.142541130494314	0.217507912005313	0.209972455835128
"SAMPLE-55"	0.00375014110781498	0.00334570799036128	0.00224168403364901	0.000617746777111113	0.00269888463143458	0.000776707776212828	0.00435655759264144	0.00260559952397788	0.000822273734286995	0.00393145947650222
"SAMPLE-56"	0.995092983154029	0.997182217880588	0.999114535956454	0.98815910599837	0.991226673412975	0.996114388507524	0.997919741804116	0.999683084433285	0.960566733980908	0.998273379305919
"SAMPLE-57"	0.522314027652242	0.763665501014138	0.385464435175693	0.252603053791066	0.462980528671721	0.375247508577917	0.673835514255817	0.547301315773629	0.570837844859316	0.330129268760698
"SAMPLE-58"	0.982840478807792	0.996211218042113	0.98499472090471	0.992245710814652	0.984497680295549	0.990193802481613	0.991240563438408	0.998831497481224	0.992072426975444	0.987243138086153
"SAMPLE-59"	0.0450963547135066	0.0745682361081924	0.0968866571791695	0.049077151667643	0.288488441335849	0.0891318616335528	0.0328186004668019	0.397537870329578	0.0934990057139641	0.0713591411615802
"SAMPLE-60"	0.0151383070655067	0.0338294111287131	0.015953176469102	0.0279178932435223	0.0781719394176132	0.017946125493868	0.0259479432038001	0.0247870495713134	0.0240722064307414	0.0219114077213546
"SAMPLE-61"	0.368092980495566	0.236407501345524	0.38953871492465	0.224318080970147	0.581588766178209	0.248497530654462	0.12214521249221	0.120383027479824	0.263291287183081	0.7317578898373
"SRR11292125"	0.75362755287841	0.884031646680359	0.849747793965711	0.820962208266066	0.843487152834009	0.919184008445671	0.893001946339487	0.952997852575128	0.910361792769721	0.893096802281176
"SRR11292126"	0.876709732340423	0.964365564327207	0.920483584540255	0.908150777095724	0.944069421153008	0.745926948835098	0.898775259740124	0.918717194656839	0.947746431758936	0.901977475881781
"SRR11292127"	0.77027522243796	0.828980977873897	0.830078608060491	0.455987948574329	0.722120842664259	0.8404269275456	0.699028376285964	0.536041214766969	0.842397022869813	0.824417916849647
"SRR11292131"	0.972955297709017	0.974633855363986	0.959922591078594	0.959042174749643	0.996574059873583	0.984852163792448	0.976353310243861	0.994945893484371	0.982304440476168	0.992937670417495
"SRR11292132"	0.0310102123238322	0.0148981879643034	0.0148724565642665	0.0163063272249412	0.00599427884755025	0.0252774627586918	0.0155924679009806	0.0139723958425559	0.0280233037333052	0.0237135407604227
"SRR11292136"	0.111220543356225	0.158391862526456	0.228282628809551	0.0809568704242073	0.166034520851988	0.0979012376356583	0.141937747877572	0.135451757390854	0.171626607175563	0.24516589166675
"SRR11292137"	0.56662092339006	0.801246790514653	0.736845144557224	0.740629320878013	0.80085602667187	0.697622107129531	0.698795278602645	0.650611879224464	0.568944175513626	0.890564165680596
"SRR11292138"	0.378432177223636	0.572079216210853	0.327243011518511	0.46906318397801	0.443494438957951	0.453133361932787	0.374389634658688	0.419705990037177	0.368776570825024	0.403978532016271
"SRR11292140"	0.771239568704818	0.850242366064524	0.582098273727033	0.399574562951864	0.605629637204184	0.713231471218694	0.710720412461645	0.664612634346561	0.547934075186498	0.918583703491308
"SRR11292141"	0.854640238802637	0.947722527971286	0.895715684370134	0.822776319114152	0.85487500121635	0.93119436266014	0.896783142814477	0.465273750456699	0.901767960874176	0.850379415453354
"SRR11292142"	0.0912089007047448	0.0874934215219182	0.139165766590473	0.52649079936971	0.49336220183451	0.1903120692216	0.253862724836785	0.17954486416176	0.0766589075104004	0.111029446840065
"SRR11292143"	0.0994343406715257	0.0231568619204646	0.113175250356999	0.0249860111848696	0.0555930011316304	0.0471939743298206	0.0412179763509496	0.0921337433114644	0.102985928897526	0.0572439171033965
"SRR11292144"	0.464800301612962	0.428334452177857	0.218762603720787	0.350994661353997	0.530167680080413	0.398499704487987	0.118978262128442	0.58381509596164	0.557462307929801	0.456757443509608
"SRR11292145"	0.62402575776503	0.657945382623987	0.506561576773004	0.632428432288485	0.506309980649372	0.684730231378373	0.693123714521312	0.794611352178771	0.55107605497291	0.671999901998135
"SRR11292146"	0.964764755328235	0.88850139632389	0.965144666944334	0.947173810798196	0.812363418823042	0.851676647700392	0.934034629195375	0.896586254516925	0.920502545756852	0.891357253303938
"SRR11292147"	0.625552424855812	0.943910119961612	0.841827586909263	0.951456575924744	0.355256508161643	0.902081280999158	0.796932705402686	0.495648019672217	0.850440207184906	0.678947222028584
"SRR11292148"	0.954471533351253	0.958892624175363	0.959593089039017	0.950608028300752	0.92710310317542	0.957183139614045	0.967476498851597	0.789893486671855	0.906616574656007	0.914114966389658
"SRR11292129"	0.864192767934507	0.751308929720581	0.837669777895628	0.911627854260704	0.843105550231021	0.863091523908222	0.852618877222652	0.744201404409566	0.822302192109588	0.870958447040611
"SRR11292130"	0.963949530882732	0.97476605017665	0.962684573329313	0.965242115495846	0.957880663947526	0.957821367908929	0.936930528110053	0.97674274913435	0.957552159959294	0.980582898257733
"SRR11292133"	0.991275960122916	0.993909333827411	0.978433083130413	0.980370491449962	0.978312903132078	0.992759266873507	0.975633063660299	0.988462492645317	0.958159894210473	0.980103029649801
"SRR11292134"	0.0846779424056819	0.0158495407444568	0.0337824047816425	0.0333178517075345	0.0687422158099414	0.0553155411873538	0.0364188479380501	0.0562765175465002	0.0241399858950604	0.0364610204078424
"SRR11292135"	0.0540938530343249	0.0541578097173913	0.0375517968405882	0.0548067587780049	0.0728672550622216	0.0549559420060653	0.070801903390074	0.0672213515570309	0.0434870095221711	0.038080547910579
"ERR1624539"	0.139855201418872	0.114207461126886	0.0865945554864211	0.164501888461904	0.107759719201792	0.132034655888179	0.249492818152564	0.113683035185837	0.10005201802004	0.0553804962916457
"ERR1624542"	0.359243526589389	0.529485438971642	0.50878095807624	0.530503816197252	0.4089636154398	0.444195055666933	0.351175263756519	0.476500436152858	0.418165952927645	0.44400362416063
"ERR1624545"	0.882057867699683	0.995798614556448	0.995476808422859	0.998163020719491	0.99664074968502	0.999535406407519	0.995643571323592	0.990599786398373	0.882935313153923	0.990162902948561
"ERR1624547"	0.118516312004806	0.234372972104261	0.359697109083642	0.261051490083783	0.12030235349991	0.316267967225465	0.251469543854158	0.439974248500252	0.086264582975742	0.194881096277692
"ERR1624549"	0.121524461051333	0.137437232788881	0.253278859770792	0.333946132824118	0.225297610768034	0.186133056542243	0.146772762719493	0.218889616103459	0.0790675222611026	0.267196004609357
"ERR1624550"	0.525123572944388	0.610051701270561	0.505263885820264	0.563752079061706	0.696597841125583	0.434711981085302	0.747009303324579	0.424081875333799	0.422053974893269	0.418638224890821
"ERR1624552"	0.785109614512298	0.721615506584948	0.863971535364204	0.845787836030052	0.753416434972776	0.840747595615318	0.884909868806561	0.821176854276217	0.653407745034065	0.765964423355667
"ERR1624553"	0.00376290538058566	0.006345988282999	0.000203818426957916	0.00598813810016795	0.0130602909700627	0.00484503525162232	0.00176610797761977	0.000714156428286934	0.00319436986619739	0.0286626698567303
"ERR1624554"	0.0408224213141654	0.0413354723585374	0.0836986628801122	0.056051312828298	0.252106488774585	0.1269532185651	0.100748633823135	0.295600706301572	0.0260532945530676	0.250032421826008
"ERR1624555"	0.274544607703354	0.721076417277674	0.589734316656362	0.56507156925486	0.553419721758831	0.382412737440606	0.574527656413024	0.197752028519922	0.274964679901971	0.734471857191215
"ERR1624556"	0.438557453591502	0.789208383734567	0.00132956782536586	0.0439086389022272	0.00421064900835653	0.01417136822651	0.020615687121398	0.965094043550743	0.000535937335756797	0.00148057389220794
"ERR1624559"	0.931849981034487	0.944128151486275	0.974053821890233	0.957360369524029	0.960879786931602	0.97734289767971	0.878736624381129	0.976032837197441	0.957568648789354	0.972594426338869
"ERR1624560"	0.978928423504486	0.993266542605518	0.979294359614258	0.999237637672534	0.988953611847013	0.990677608096343	0.996938199315185	0.98725611714026	0.996083942690997	0.990956813336702
"ERR1624562"	0.951687527167943	0.979606824893327	0.965682996729074	0.939265992980485	0.890963110326985	0.962402497934189	0.959489189691806	0.96060169235852	0.817669229404073	0.957737544295822
"ERR1624564"	0.998059451585112	0.995618933622048	0.998572845825606	0.993050666677801	0.998872776066131	0.997184307724184	0.998629617344375	0.993290458082381	0.998374922307793	0.999246438428657
"ERR1624565"	0.200237590608344	0.145763475593168	0.225728834086228	0.180991334257216	0.19300984278327	0.0788001523064434	0.221833727380702	0.184343837643909	0.14987710923929	0.120869344499358
"ERR1624567"	0.504244005772346	0.973749833887213	0.92910551304433	0.906563334443198	0.726850930323045	0.845735490204448	0.848333829966858	0.950603059148014	0.806587886120245	0.950387823786213
"ERR1624570"	0.320731668207463	0.630389704023276	0.585633337068242	0.456486161975285	0.394644416907159	0.525714280638846	0.539368351286963	0.401369878828623	0.691913770284714	0.486968129191044
"ERR1624536"	0.22621176130886	0.10633638577565	0.193397115151062	0.243376066660624	0.137502084171633	0.0799957589360317	0.166745871485848	0.121602772325413	0.118828086106344	0.0973960146481398
"ERR1624537"	0.0213580502564849	0.0592431190029128	0.128241788749846	0.087644954210793	0.15965377476442	0.227826350665574	0.0261808995172082	0.0923616496856335	0.0635166784618537	0.0556936262423138
"ERR1624538"	0.464013081324776	0.0548520049868478	0.0427771758382988	0.493870214729101	0.259751130208301	0.268735935254868	0.423709505647549	0.485381170958031	0.265427480063676	0.154207104257705
"ERR1624540"	0.393252530594464	0.291608879308599	0.479876708347226	0.353182919260884	0.0918528360689083	0.341126619583071	0.504944450347685	0.333361056269352	0.296284570177495	0.405648923763154
"ERR1624541"	0.0143742939191737	0.0232782348906432	0.0146899187791098	0.0283350190874758	0.0255972988744737	0.0160001638302363	0.0198953977596321	0.014382431975081	0.0189073204383081	0.0207825819975127
"ERR1624543"	0.21958373839373	0.131680163821673	0.160662005689513	0.157253581246011	0.13538973675099	0.0927340162168209	0.126776647367591	0.14535858013914	0.139548559674802	0.238700334087768
"ERR1624544"	0.917290464184507	0.929183108499344	0.788969028036523	0.842419906670124	0.927538112825479	0.830794946846359	0.809268459359341	0.87954172951195	0.868508514656319	0.862977783393135
"ERR1624546"	0.0968041619643409	0.0220294005614716	0.034745176287184	0.0240103808917007	0.0188237464937742	0.0339190634022864	0.0561880488536671	0.0995994179687013	0.0250626730015401	0.0131009356135757
"ERR1624548"	0.114966722672514	0.0815713087779265	0.019515634388098	0.0390978137547878	0.0410088016088665	0.0646890206995378	0.0429476932426658	0.286761305933332	0.0634532555214474	0.0603144692315805
"ERR1624551"	0.0454991383119472	0.0427731403211383	0.0453808510212095	0.050160930806384	0.0503522651177201	0.0349646548682662	0.0753522614543269	0.0239801416123305	0.0358749637370508	0.0160564310358315
"ERR1624557"	0.034974614405449	0.0188551409247533	0.0497196301562619	0.0535585194518703	0.0307616426903676	0.0244274968347547	0.0469685295303038	0.0132413866967236	0.0912440846462722	0.077384216996233
"ERR1624558"	0.935269169356134	0.926819409042702	0.953437200248735	0.950720443822535	0.914497074130057	0.983758122777886	0.96952552447875	0.94659493448093	0.943490195240757	0.957762905820949
"ERR1624561"	0.68366633939746	0.785451155078306	0.811969730856475	0.789927072061403	0.740732241886289	0.759876484568972	0.863740881458336	0.776418818837035	0.657680586288677	0.641043864033747
"ERR1624563"	0.921436194056862	0.735528652566804	0.952351523484576	0.922756267454886	0.752499258701898	0.987478214537421	0.773171868961678	0.878087748285615	0.686779937748055	0.81373008832862
"ERR1624566"	0.522891104396347	0.324026483660044	0.830405374161148	0.412987122015326	0.842923550595563	0.686313054607306	0.453534096992043	0.64314554753041	0.558026266784599	0.610476661039656
"ERR1624568"	0.621378646466884	0.164885926847832	0.492417441705149	0.230453331160044	0.39084900881462	0.257028248969281	0.4443250248723	0.314454928298998	0.580604760465636	0.372828529781352
"ERR1624569"	0.925481258312614	0.88405953853323	0.883340755676624	0.861700785612421	0.97495383484536	0.622416456436369	0.890410524508649	0.963721184034377	0.903016755812279	0.93838996686538
"ERR1624571"	0.981400876504852	0.973807348544084	0.95793818181579	0.951162445610906	0.976946538863828	0.979428844234129	0.98433501021375	0.969652981199949	0.979000791663366	0.959701256840188
"ERR1624572"	0.771368060603673	0.699541864608103	0.887401255799178	0.836097492076734	0.856173130856682	0.897981555515259	0.642936651028946	0.728839087852483	0.893617758701829	0.947841684248413
"ERR1624573"	0.995305080823439	0.988828299053885	0.992133736978409	0.956721250872972	0.992835515674458	0.990728702186312	0.970605408306555	0.987688286419686	0.985783185711836	0.997307960302733
