"CV_rep1"	"CV_rep2"	"CV_rep3"	"CV_rep4"	"CV_rep5"	"CV_rep6"	"CV_rep7"	"CV_rep8"	"CV_rep9"	"CV_rep10"
"SAMPLE-1"	0.951715380161568	0.860105815259169	0.9132224007058	0.940186190041845	0.893162044138051	0.77025409079713	0.908100253306937	0.944848623475484	0.913826023335222	0.94586221756364
"SAMPLE-2"	0.0764745637653843	0.120271670150059	0.129756574173092	0.0577792702240947	0.0484511179484504	0.117842479186274	0.190601235515842	0.146197485794461	0.119085062052875	0.0747002742425214
"SAMPLE-3"	0.972013810574004	0.962145768474726	0.964447207170777	0.980042451897128	0.959050897390996	0.946262191343366	0.96242482188424	0.985821929199109	0.976291754140243	0.978073811889339
"SAMPLE-4"	0.920224436168097	0.733963507305626	0.923955567926675	0.950834067834035	0.88123406082971	0.945122123017384	0.872528410335099	0.907276361883252	0.947916156792467	0.927952648320096
"SAMPLE-5"	0.0828184411174974	0.105828936839755	0.085385905571403	0.222973464451643	0.267052034519089	0.229552740131674	0.23720696906942	0.0817547235633649	0.147986283799396	0.161735914752506
"SAMPLE-6"	0.432264094479255	0.355726377023186	0.607552173265622	0.304412117553437	0.423660435173197	0.551903618120635	0.410798327815923	0.502935771646335	0.587455115842833	0.363268718358099
"SAMPLE-7"	0.973428458694677	0.978160513447464	0.96864073797498	0.978935388714625	0.968819500842644	0.971611690097408	0.950735120951935	0.972801876026872	0.959442443321983	0.974620768013378
"SAMPLE-8"	0.175910260416965	0.213429443233987	0.200939751511953	0.200143765649871	0.11594746998407	0.154154831683171	0.160111548303887	0.152099847112674	0.133591186578674	0.403400349813801
"SAMPLE-9"	0.868487570531858	0.617384326574015	0.740669129335691	0.830561393896128	0.577371381426078	0.822867536225925	0.597411713354246	0.622430771626003	0.709565916063522	0.843582842058876
"SAMPLE-10"	0.978973619744939	0.931611086741172	0.963890323034006	0.938966368809554	0.882844560552304	0.942086624900425	0.903291420699962	0.92530336717382	0.969267039612317	0.924084798958965
"SAMPLE-11"	0.899931073181121	0.960532164324418	0.928037092384091	0.974684573063663	0.95257075561285	0.949532543476033	0.982478278981625	0.949808359581615	0.9571600615127	0.88478314166104
"SAMPLE-12"	0.0549297633908265	0.0249949814251041	0.0223645222894824	0.0367408830269072	0.0474250263188322	0.0778375457312999	0.0630500490762319	0.065369015970965	0.0711830259585344	0.0496765092529361
"SAMPLE-13"	0.901823845609319	0.9131146937583	0.930376953027228	0.918957581999195	0.973396583760983	0.903177483282486	0.863583973698437	0.797478717170876	0.933520703456887	0.839946987780816
"SAMPLE-14"	0.0324153895950064	0.0301174400481964	0.039948527865923	0.0220442686838994	0.0190485328375803	0.0250219691416689	0.0396587671311666	0.0291015005593451	0.0528154454972193	0.0309853598457941
"SAMPLE-15"	0.0882829703983745	0.0494893215167701	0.0947392535457671	0.036117173860856	0.0453722723259834	0.0927949310874154	0.0582869652989736	0.145218303334784	0.0345528085864858	0.0199761814233305
"SAMPLE-16"	0.995676929530485	0.995868969279252	0.990838317802282	0.997740825580293	0.996799072374281	0.99908427561958	0.993597849355213	0.998060969897122	0.998530525151498	0.996323981995168
"SAMPLE-17"	0.989746113397349	0.968263855644835	0.949910628360423	0.974772533895505	0.984866870968762	0.990520825781944	0.979460415465339	0.973190332321512	0.974627958896991	0.968950683904264
"SAMPLE-18"	0.291796070406287	0.27870845076264	0.241541551447402	0.384863886905743	0.284759592266874	0.386898532183301	0.180736146529721	0.331889090857126	0.186132194833452	0.219711402314351
"SAMPLE-19"	0.935039945603817	0.989082175920371	0.962069995350087	0.91922377012224	0.965102584463557	0.909076085893958	0.86077187934276	0.949670416074381	0.916593225443048	0.975091734972825
"SAMPLE-20"	0.843348087995521	0.947355653948977	0.825591021203535	0.965600304860983	0.778806953403863	0.800323160791045	0.953209381105726	0.704187260803651	0.902916832551227	0.727586822018656
"SAMPLE-21"	0.165998389597329	0.133630274556623	0.143947664876895	0.12034734490272	0.205238162446904	0.26031181918162	0.0617733342865018	0.0475085782610809	0.105125335766516	0.124349736724543
"SAMPLE-22"	0.921259597827149	0.954554347795932	0.929480318967434	0.903249881905788	0.85333615272934	0.909394031922163	0.980843857078453	0.913479439196413	0.913138523755527	0.958483930891245
"SAMPLE-23"	0.361561056980069	0.370065638710896	0.262106587250552	0.257316387966745	0.209929119415216	0.313697362449168	0.499665809568529	0.347651452348188	0.33450030075674	0.157688922892985
"SAMPLE-24"	0.00960262447516544	0.00807802457471024	0.017875532389008	0.0144445762936497	0.00960578905284991	0.00931187761576552	0.00676622210641177	0.0120250180828553	0.0285471366882958	0.00918940817851305
"SAMPLE-25"	0.0984747459570849	0.0827270709626473	0.221313318876257	0.0926396447077707	0.221573859639915	0.0974801925710231	0.0686555848079207	0.142000346263778	0.320567632769415	0.127116265621805
"SAMPLE-26"	0.949588191402535	0.937488151637328	0.88420907949265	0.921487193726472	0.830035946616368	0.920497627524865	0.905181999171696	0.876048330948473	0.956269108754939	0.929295659427147
"SAMPLE-27"	0.68549979189864	0.924434782839867	0.91015092414626	0.692886247635899	0.839323044651595	0.651132636688773	0.886385097589348	0.906398491930972	0.863875936201637	0.872686206455678
"SAMPLE-28"	0.905779002977087	0.860822956935642	0.736447527150629	0.766727792811845	0.803855136934581	0.712119069623209	0.676789210439451	0.81025535082021	0.833260832751198	0.701554516387333
"SAMPLE-29"	0.0585675539690158	0.058113081336956	0.108693863429137	0.477592505820111	0.0971498203212216	0.0679029237723939	0.042395896862619	0.0614674708858976	0.161738558452641	0.12956577290216
"SAMPLE-30"	0.204551730306833	0.104793592319654	0.196745614180511	0.411350480855156	0.185378080055891	0.217284390600679	0.340751545030207	0.274785226508038	0.190922881307044	0.408642268173532
"SAMPLE-31"	0.0727835655979015	0.0531677836946884	0.229002527973059	0.199887893352574	0.36984987108137	0.41919995851492	0.457398038505806	0.25328470308542	0.549952457247551	0.219743782446303
"SAMPLE-32"	0.943259349622743	0.933703788409721	0.942246883410764	0.941181834826931	0.944556796413844	0.975746332266834	0.912468079935353	0.987669914089798	0.934023138680111	0.97690201120764
"SAMPLE-33"	0.0830633669905662	0.0990181816984485	0.118218928684563	0.11750840695712	0.0896701185765938	0.0754563943075756	0.0795881762910009	0.098751643621895	0.0888946492873618	0.110847159171897
"SAMPLE-34"	0.154119569020716	0.16267172604236	0.0675876442135345	0.0496954259546486	0.0363269780016967	0.111258342690589	0.048389813943036	0.0510313767871057	0.0509722148590069	0.154615114951436
"SAMPLE-35"	0.934546796032259	0.894765853693164	0.953444398676286	0.906636011065095	0.982685049257966	0.984302851348212	0.994513130177279	0.946466781908574	0.960801554012298	0.887714146946591
"SAMPLE-36"	0.041573369619383	0.0634752846786982	0.0591449534100172	0.0734911605242181	0.0716279213472657	0.0739797224701908	0.0593656961405156	0.0655590623090981	0.0544018965517955	0.0669470652849686
"SAMPLE-37"	0.163309087109777	0.0922637681100037	0.123522803842345	0.163303345179979	0.0488459639303727	0.0902932924805691	0.0841787320032237	0.0684399503204556	0.0837702804054486	0.53468264879425
"SAMPLE-38"	0.647930707974963	0.448065869272869	0.218807939061476	0.620966425206303	0.318409251234542	0.301818692856466	0.639286799176719	0.282119334398363	0.719012522581133	0.381574334056582
"SAMPLE-39"	0.947855787435067	0.975967797474695	0.901745595383518	0.938570607811116	0.981890980567203	0.95953721050011	0.983457305193745	0.951617508143535	0.970852405189003	0.95912484913941
"SAMPLE-40"	0.0733803637889604	0.075461899406479	0.10720707460999	0.0668142304406533	0.104275108113077	0.11201544145105	0.0394114422832286	0.0345668631574747	0.0831594818197321	0.0631945386087457
"SAMPLE-41"	0.00270688850564096	0.00336738454699153	0.00879256558625309	0.00405454204089213	0.0129656468278814	0.0163981911806247	0.0106989902677169	0.0227062694714797	0.018460693502894	0.00658410215782512
"SAMPLE-42"	0.665062700442057	0.502942016209543	0.554833251848369	0.572189340815561	0.563869479653984	0.426649826235419	0.62480434949375	0.597846897311478	0.468515740518169	0.750890202286138
"SAMPLE-43"	0.122660057785138	0.09158506965829	0.0967423568055671	0.127338252955879	0.0914128499422177	0.105841206879134	0.0867634752443022	0.12397786405385	0.0951521033788349	0.13221901752571
"SAMPLE-44"	0.986103965625941	0.991451402715145	0.977250756008153	0.997550892966259	0.99059788024341	0.980538394863168	0.980742237278671	0.98479582073028	0.989655285345895	0.997958491846805
"SAMPLE-45"	0.622448369995328	0.587098528213643	0.396914891982254	0.533740185716652	0.533829192965453	0.555334800480859	0.392782234359933	0.582808483915638	0.524287915917251	0.565700903652156
"SAMPLE-46"	0.320261066454058	0.230731671355783	0.619877912956723	0.55925065547775	0.262714677142617	0.286572906106533	0.323564336959751	0.190665273986403	0.334553563650612	0.25182956591037
"SAMPLE-47"	0.0776832623733825	0.0511910368165903	0.122566755404195	0.43047160980984	0.0950384557412827	0.549103499849227	0.0912995163365008	0.0494523855050624	0.125245291409465	0.146770889337004
"SAMPLE-48"	0.825922772969112	0.911020812417961	0.779165651509551	0.926532521402766	0.886354585346721	0.868789031072145	0.745308102648554	0.949031434564355	0.800591853990154	0.890240743661686
"SAMPLE-49"	0.0909012358865781	0.158912190832536	0.17118070524824	0.120285728484029	0.167771583098594	0.246135969184843	0.118788505522564	0.143348158673912	0.172164333854439	0.246078746138214
"SAMPLE-50"	0.915046559115241	0.839975906314334	0.893287018961572	0.941320476258067	0.898028739953158	0.829297462451061	0.905357671287242	0.916758181158942	0.899801806672788	0.85193527427864
"SAMPLE-51"	0.959180028651727	0.979615520035043	0.91202695065881	0.999182736433653	0.983292927098372	0.966855636493669	0.931254046838862	0.926399720356508	0.985586924095841	0.990187632275466
"SAMPLE-52"	0.084325356270532	0.185552866274254	0.157590512964871	0.0984432745770866	0.138861986275629	0.125479465897744	0.116691177185854	0.108096150850112	0.141723810425506	0.149419771429369
"SAMPLE-53"	0.748594091903497	0.782189453126964	0.578470712028173	0.807570472642989	0.518566949879223	0.605653165450567	0.846086473750931	0.728720671497519	0.801304179194946	0.774700099984977
"SAMPLE-54"	0.0803730298515646	0.0734557316846799	0.054844778020922	0.0410950314733198	0.0692146368532237	0.0518484266068161	0.0867129425637442	0.0416130492723484	0.102380821205158	0.0794581656921217
"SAMPLE-55"	0.0335974613590191	0.0121894298968323	0.00523590752899843	0.00110319489439674	0.027765777331322	0.025373080454005	0.00895834876318492	0.00377001783479108	0.00144529832256258	0.00946829422657231
"SAMPLE-56"	0.997574659934135	0.998464048338392	0.989999220080638	0.990500659379048	0.997473676542506	0.998236773760728	0.997718462536843	0.999336861792104	0.999421318880411	0.996398940428938
"SAMPLE-57"	0.058361021222222	0.149222513962359	0.238933179738267	0.0761085809385073	0.271823120322755	0.132304474541765	0.19951809080266	0.0942567066543527	0.112094869280379	0.152291669861357
"SAMPLE-58"	0.969063887893872	0.948124600655253	0.97396952677079	0.980359822923349	0.990987886227268	0.963993677752137	0.970660636580234	0.962926473665245	0.96567881470693	0.971931409046879
"SAMPLE-59"	0.0538231771530632	0.0414438350994612	0.201952637063262	0.0533394356495482	0.155496722817751	0.27968702775271	0.0897710996081715	0.0651311539416968	0.096098156574933	0.140442348575122
"SAMPLE-60"	0.0189767754019871	0.02159224651441	0.026178597083401	0.018756489619994	0.0133359368508382	0.0209352063136877	0.0106751390191984	0.0113059483756848	0.0205655202808369	0.0115598405034586
"SAMPLE-61"	0.701566919221455	0.889043827205083	0.882178257983235	0.952217984206261	0.803138364291768	0.937171974490065	0.840259289764261	0.883068956898151	0.766588945085148	0.894472104086362
"SRR5865065"	0.995371785800316	0.99530861353562	0.988897082512237	0.995421544276661	0.994125915103248	0.989710213303646	0.991971882487111	0.996191070442413	0.993827341735451	0.995190570447921
"SRR5865066"	0.933697681155524	0.792499058788256	0.734440525113422	0.974803607678563	0.792834260923277	0.92805311225236	0.834566232404758	0.839560487293913	0.810802976494867	0.861123434676952
"SRR5865067"	0.0247794672068588	0.022453753809302	0.0287121289965884	0.0413439430529518	0.0390962889858277	0.0193016548794969	0.0423999389344936	0.0237039185189411	0.0287930303562413	0.0265422734062965
"SRR5865068"	0.980700744483869	0.977214501975426	0.978314113940403	0.97718631416999	0.975478734464638	0.986253693357291	0.988132125484336	0.993145435333636	0.982592687303118	0.974677805601342
"SRR5865069"	0.35659681907829	0.529314760240905	0.341933431190376	0.363172907788857	0.414175081325416	0.488123267166901	0.430621625666114	0.488168787136388	0.460848731503672	0.585893320873294
"SRR5865070"	0.150420930398285	0.2684294236643	0.15371615185788	0.192706517677971	0.149145550771498	0.195859171016531	0.241149117845364	0.21285926273075	0.215584378358099	0.120505068638145
"SRR5865071"	0.94440743650313	0.783078646010495	0.963089699374478	0.987798913361846	0.939218909540196	0.945938598956856	0.96281080413156	0.947997550283426	0.911783925253257	0.864265409798994
"SRR5865072"	0.142287917016309	0.141752105127926	0.299106684804439	0.355840162144444	0.261067644499272	0.294761656089741	0.22494187256585	0.257933388189011	0.391796448131527	0.39819376483149
"SRR5865073"	0.119845747993284	0.115338997044999	0.175793043714005	0.265813093342074	0.253294620113269	0.112285765448945	0.340941436866543	0.176411283254264	0.187823592516882	0.294714325320252
"SRR5865074"	0.955270160301225	0.915797672347969	0.923760060874594	0.958266195249742	0.948710812853633	0.912083233508445	0.940611930273715	0.945423124920029	0.968480912652161	0.95739611463107
"SRR5865075"	0.839180323867933	0.804787561204777	0.616247406669273	0.560696163698607	0.415200388994047	0.651662601037498	0.709347205384646	0.539842382124513	0.810128499730214	0.583187531129408
"SRR5865077"	0.268519276381788	0.257910856536674	0.18200091757482	0.217506524003661	0.279374496674278	0.176820611318748	0.244790557486749	0.278733136354758	0.206533598142439	0.259237731378436
"SRR5865085"	0.830449852441136	0.859513239085777	0.804720993094054	0.824219492518177	0.798709836623574	0.86398180881339	0.754373067746174	0.845183344845034	0.799355389974818	0.825755471142106
"SRR5865086"	0.945124032491934	0.956201710152467	0.934508581459083	0.893760519960323	0.950913462891747	0.934806510644315	0.955466339461443	0.951007748507939	0.948915119474927	0.947128994139462
"SRR5865087"	0.543005989206342	0.539456236217146	0.709740520124537	0.490621380594481	0.563303844219432	0.448957942557928	0.416837798586414	0.647007761247087	0.522942518936095	0.750235524831429
"SRR5865096"	0.988244734853946	0.984694937769822	0.988122162941578	0.993965426722201	0.992623766969165	0.991955668865912	0.992346815173243	0.98946584946002	0.983408924308146	0.995475723929992
"SRR5865097"	0.954588345253133	0.974389159597167	0.952660989909722	0.934783236875147	0.918941715568009	0.963649306038537	0.919251660797812	0.926689438650062	0.962802181079385	0.968659775253568
"SRR5865098"	0.985608416719825	0.974946995545153	0.971954649178144	0.958158575898223	0.945247514845553	0.892889035546227	0.988750362103054	0.981819883503389	0.988468360316629	0.945599175153498
"SRR5865110"	0.022504741512153	0.0682415291258352	0.0506788745410553	0.0300732799811227	0.0487776966307476	0.0589950909744738	0.0401322830931537	0.0285953542403503	0.0488655306908134	0.0252483053659387
"SRR5865111"	0.262961413946418	0.201731159995397	0.258437451379887	0.16018184214548	0.321270414416716	0.176659326554017	0.336634285381176	0.0922877212744168	0.298203681474091	0.168922055246851
"SRR5865112"	0.986611778286218	0.996646410977474	0.993152253356414	0.990345276790516	0.991506156645514	0.989365719759129	0.988276431607896	0.99752275462857	0.997710538318967	0.983713361500239
"SRR5865114"	0.147804237124445	0.13343189729575	0.187513249831311	0.275940382691516	0.309541170202826	0.0811888918411923	0.169947105405685	0.363085319741798	0.219398513346673	0.239633982205878
"SRR5865115"	0.628708015876977	0.739114392501237	0.789736567049555	0.438438160950333	0.778407252558136	0.856259124711802	0.535414589879541	0.492198406916046	0.746248073675107	0.464658323001272
"SRR5865116"	0.995844161955664	0.997746686206771	0.987419332523996	0.997424404977073	0.992639071035031	0.997283470620444	0.998253791774387	0.998124228113606	0.989745096143415	0.994157440558331
"SRR5865120"	0.107036385140759	0.0287610712215036	0.0223671958888655	0.034982074950858	0.0920673684485207	0.0932920810527285	0.0494264124655539	0.077330127498534	0.0376919780375516	0.0489532588817221
"SRR5865121"	0.0705103496300173	0.0988988053879944	0.0635417429401367	0.0304222358668356	0.0967556207067543	0.0520231802764078	0.0504408051523505	0.0384422272634879	0.0615365467558265	0.050003478653073
"SRR5865122"	0.886630651196329	0.819471505874505	0.944784547696026	0.96623441095221	0.957628599885009	0.84219749824741	0.901211652179608	0.905383515168221	0.937867665578434	0.855013607527487
"SRR5865123"	0.751324323936308	0.672080697882205	0.603055773835279	0.714637356955538	0.55848518738235	0.61777793278519	0.60614421595791	0.746310657310846	0.734892723696806	0.579480571887281
"SRR5865124"	0.400396050686358	0.149942919135898	0.166750878315554	0.0951089852811163	0.199947736839201	0.124560804660242	0.107771537457706	0.270479953695204	0.515162073268603	0.0855737295283265
"SRR5865125"	0.7921187262594	0.752977921760965	0.937910804167323	0.74156525559691	0.842637797967915	0.861857676232067	0.714180861192115	0.751192730610383	0.790060011619651	0.870656067580768
"SRR5865126"	0.675450394928815	0.633152659906624	0.850726390601907	0.633913466256841	0.803825045142667	0.741133773128278	0.642467712969728	0.743545702566686	0.636779814344353	0.7696516245095
"SRR5865127"	0.83033479674615	0.772772291901829	0.939000906524291	0.873092725766229	0.68154975636211	0.84462440397121	0.668198238965911	0.826357513495128	0.892743283022306	0.922072843672969
"SRR5865128"	0.0254114664721081	0.0237937252437223	0.0376511407295116	0.061194506884715	0.0491356135668561	0.0822205043822869	0.0223152564538413	0.0491924003425645	0.0339925451388057	0.0330855595589931
"SRR5865129"	0.166114268457127	0.272778085532267	0.228311604541687	0.319334181843749	0.228621188646877	0.162357310064064	0.19372414944862	0.353434986036723	0.272067064931846	0.373610160832134
"SRR5865130"	0.0895982124757318	0.18707225863622	0.157077198582492	0.207215483390696	0.171111670454431	0.254570501565348	0.19389486761661	0.100404396339563	0.0658707247657543	0.388852772258621
"SRR5865078"	0.825542576024433	0.701043874476483	0.804475302381694	0.761835261514374	0.825437101147303	0.692441883919547	0.755921340408811	0.809320183382878	0.875771470629272	0.846496592897869
"SRR5865079"	0.901291899798791	0.889622196807286	0.815733372522101	0.923876964291638	0.771725153069423	0.818523319649623	0.838582465769949	0.753574433811157	0.779297178384996	0.736345887775939
"SRR5865080"	0.290566096810842	0.148448527757758	0.372194009957701	0.241252747159663	0.146579151576634	0.273540190779704	0.242705050842916	0.248846708104423	0.355549922335582	0.165096015195124
"SRR5865081"	0.0157225253878583	0.00743555836994478	0.0196063367146125	0.0151316907127653	0.0202847932542005	0.0182339577660992	0.0233007302904526	0.0393938142641967	0.0350077035622653	0.0244403128733007
"SRR5865082"	0.992028622462262	0.98317936174138	0.989686249237463	0.99594188602894	0.982636722828817	0.987641732862041	0.98143733128641	0.988574364162232	0.993479261004203	0.994686672989461
"SRR5865083"	0.79112948596142	0.9132558675127	0.73689028432942	0.765481113361284	0.68952915736214	0.894569405357934	0.865110997970071	0.718653106198352	0.709855536710998	0.700839415152183
"SRR5865084"	0.650990713056539	0.616639110993902	0.657897730532298	0.712704916703293	0.627620442878759	0.630896393979918	0.65229887562723	0.540594440912119	0.361205983998748	0.171575391534641
"SRR5865088"	0.579853185509967	0.646823043755353	0.741723750557383	0.624247438014793	0.592607428120644	0.685769030406462	0.647091204583715	0.648276230173897	0.701646649153828	0.633183419899835
"SRR5865090"	0.899299893963112	0.798154487741743	0.909936776787077	0.907369621904973	0.943774516721833	0.868024621385403	0.854921757697939	0.913277122503013	0.880761052963258	0.896704435269841
"SRR5865091"	0.940126644110601	0.921263227773207	0.88403181661197	0.874092666798093	0.761246513921815	0.763490244587189	0.83234666550742	0.902804429019879	0.878061267781114	0.796001974533792
"SRR5865092"	0.972079189504604	0.966049548913982	0.959736054860495	0.945467314231762	0.983793819097212	0.966728521589986	0.972203340213505	0.983944282081342	0.981515645565619	0.960049594116228
"SRR5865093"	0.962360619375408	0.930848929549824	0.936749606949278	0.944631940998685	0.911221622910551	0.862661754228202	0.900207058505904	0.941080495268649	0.953749624043132	0.940397170839061
"SRR5865094"	0.981690635560442	0.970863940135952	0.962681146576461	0.958597064511477	0.964102703235075	0.905465829747865	0.976160047957754	0.986278670644371	0.955102638974653	0.978338944024407
"SRR5865095"	0.893086461502248	0.921644032147991	0.888391762358009	0.969205108292293	0.955097193661169	0.852160826739852	0.961148850566268	0.877442860831236	0.921257109781039	0.923689414104657
"SRR5865099"	0.925559096917989	0.839428539622299	0.928296053115388	0.869157192750282	0.962018957096142	0.958561073078692	0.896651639928852	0.953866375695017	0.904679715966476	0.912767172686966
"SRR5865100"	0.161097515453876	0.308771010220147	0.172964694812521	0.329698069658005	0.151556845359692	0.300763488728545	0.154522817062719	0.277189189974499	0.167075993175113	0.243777909563562
"SRR5865101"	0.983166597335616	0.973997228672032	0.968481096610904	0.964096281251262	0.967752995114986	0.978283173938956	0.989887751731575	0.963539658636721	0.974527424993815	0.978568316565041
"SRR5865102"	0.0620966738213274	0.063123201000963	0.0330655302575779	0.0847143260037607	0.0495800147964848	0.111815438309641	0.0619050517071236	0.101672516843883	0.0581042104028493	0.0407117052571007
"SRR5865103"	0.638726855650866	0.0326578916911722	0.747996803355793	0.558616238247099	0.673374069787107	0.307145299065413	0.391795479557422	0.659026342464549	0.833756986314363	0.606053534772206
"SRR5865104"	0.958787277343006	0.961002676430968	0.934357431433703	0.920245090661959	0.976261400594327	0.942047462025591	0.989416834109267	0.893474444717958	0.955575933002776	0.934866917508659
"SRR5865105"	0.173847747262848	0.139102951595229	0.0958928238698867	0.086839313934798	0.137087197054667	0.0855794685824907	0.098844312292168	0.0910929852820156	0.0685819435945184	0.0891583068644968
"SRR5865107"	0.942527594586173	0.957359630093907	0.952460005553754	0.914292606843864	0.978213149571134	0.975581403766988	0.978581390982656	0.954031076307622	0.954786156372388	0.953471545393515
"SRR5865108"	0.938326723460356	0.841740289438909	0.952353329676834	0.981518907764323	0.97045399419617	0.844985684392739	0.782776846394612	0.968297293720358	0.989379599713748	0.614576068909847
"SRR5865109"	0.588464985803477	0.58787549428084	0.620092749050852	0.668706888309668	0.649357156396961	0.783698747160047	0.605682829946651	0.615360438735228	0.615708036203994	0.70341962132077
"SRR5865117"	0.504800178729106	0.391015608051337	0.390988535662483	0.403937312562611	0.415853664765356	0.526764983431557	0.610172928963731	0.435759877501152	0.442564891654501	0.464745497389479
"SRR5865118"	0.857498790729995	0.814692835636581	0.897469777416002	0.93308245376094	0.92855277481998	0.923470311369771	0.923155332519346	0.905339762436517	0.871751710301326	0.833596807535599
"SRR5865119"	0.582730385497539	0.510454659748062	0.452882169432913	0.498009864338222	0.61957369114296	0.719823966631227	0.562078400614074	0.404541654398845	0.445461492316581	0.69736370921013
"SRR5865131"	0.826946282417406	0.826600783302907	0.766746672356261	0.650620383055648	0.72553374397478	0.912406949851718	0.744345124207799	0.91391098305839	0.78466394267132	0.734540046205704
"SRR5865132"	0.96730104912351	0.981721976620962	0.97700710160874	0.969979252140499	0.966286365151972	0.972413978895648	0.990228048597834	0.984589128581696	0.979230667231595	0.986755438454898
"SRR5865133"	0.286390549057384	0.273858448082043	0.258576768426189	0.186893962648713	0.379310772467771	0.160104021899995	0.253960341856077	0.285196617717945	0.349159542977564	0.300879480578089
"SRR5865134"	0.927956692677517	0.929055890058613	0.958311424761395	0.972733905870703	0.905088019100139	0.947701107456229	0.943011886101335	0.906846693776298	0.949120354140392	0.909444439837598
"SRR5865135"	0.00856830337325672	0.00812937392269849	0.02098170269258	0.00532326813467039	0.00926460508929931	0.00879363800843342	0.00877410664538162	0.014504446921684	0.00696621393572287	0.0121631429347727
"ERR1624539"	0.0380038968079304	0.0850474557155007	0.0395735745522407	0.107789546859552	0.084624740176405	0.115051622090897	0.0979462655650904	0.043774492820838	0.0851962322275884	0.0705588078342898
"ERR1624542"	0.469486647703012	0.648964017402519	0.529109257679182	0.616892179261109	0.594100671107231	0.645451862139042	0.413164055448425	0.532052885967904	0.497843969059704	0.334183991584646
"ERR1624545"	0.987489496043359	0.942286948214804	0.985896011188725	0.978821439729398	0.920721133893874	0.963027143276381	0.980347749566356	0.578440867109461	0.993642987304483	0.991908810824457
"ERR1624547"	0.23244018825269	0.188750034747652	0.208175139726351	0.210392580654599	0.449537068761707	0.421039009971232	0.402415550726239	0.307801337575236	0.32616455913347	0.20718935534755
"ERR1624549"	0.0505889013664863	0.15713618346888	0.111730480585337	0.0987111841687843	0.124913765727101	0.103636365294025	0.226759132607179	0.13923922333721	0.146020538692026	0.0854050878213829
"ERR1624550"	0.102031676474859	0.282634609769131	0.281191798735837	0.138975893799652	0.260441682855807	0.159894191122814	0.148114107084633	0.32502880958903	0.150583695416138	0.478229891849494
"ERR1624552"	0.542829940812246	0.733299500605654	0.593192670333981	0.82382826579324	0.641736911611334	0.781000138251431	0.551198171893561	0.815922933290506	0.698529363419357	0.776353538456295
"ERR1624553"	0.00301587876255914	0.00328295286706437	0.0077311649301964	0.00526783390859745	0.0163425865020968	0.00552121018531843	0.00838490056663854	0.0152013459426897	0.0689033935873341	0.00575370106109094
"ERR1624554"	0.279877152295589	0.145135489934583	0.650597578454414	0.390353759788966	0.243783408019139	0.309534856170272	0.321978800328949	0.360937232845132	0.226335637602764	0.359754516841646
"ERR1624555"	0.140710274984643	0.109379315659038	0.0803178985250775	0.130468476618395	0.0968437399554188	0.135468258447308	0.168969891790727	0.224912329937962	0.115287245320837	0.0887918445197662
"ERR1624556"	0.988631110013979	0.984595975007396	0.995316773686549	0.716048835414145	0.990377840937706	0.987337837972723	0.971690683186367	0.88457872189082	0.994194169126093	0.985649858418471
"ERR1624559"	0.93521156873934	0.928682360433114	0.906438915327501	0.943101888507847	0.950961047273004	0.952405982506883	0.9160023802237	0.966702923929672	0.954492830556355	0.868443558897701
"ERR1624560"	0.995190245459999	0.989301352127917	0.985328962968121	0.998306278230039	0.996505823792575	0.992710283733022	0.99715907884758	0.995269494905397	0.993506400038267	0.993792866159018
"ERR1624562"	0.936846245661988	0.950937729419115	0.866667853361458	0.956627313505379	0.960658342306528	0.970357613218031	0.958321564457232	0.946049596679841	0.92799162305608	0.921527575870489
"ERR1624564"	0.965138856084798	0.922235270733081	0.979939953209207	0.96896749957361	0.98333090370405	0.988380628016658	0.985668193509286	0.960112875641019	0.954931658580288	0.975142036657466
"ERR1624565"	0.097506984397936	0.135345719873245	0.0785380519477829	0.3447033459235	0.303092434374698	0.177156328527551	0.21393886665649	0.0857919137234059	0.0860706546596285	0.182755637698448
"ERR1624567"	0.746319348341622	0.781244611067324	0.932556652142485	0.782734309271228	0.847738836135777	0.921396298836217	0.90595166543615	0.937129340615266	0.815486600373254	0.714984241780814
"ERR1624570"	0.623370376204847	0.638473631384663	0.475271277285361	0.705067194714136	0.520831556840137	0.646384265904362	0.643179486623508	0.739724780629651	0.480463878215021	0.697592005869607
"ERR1624536"	0.0763316194551954	0.149131079530501	0.131381434526716	0.0894659110919682	0.0320816787557142	0.158450479735966	0.088877740330355	0.1887959217252	0.1657809106512	0.0904810171972449
"ERR1624537"	0.102360873900139	0.0926791838368874	0.122786383109701	0.183475280790019	0.114622910136801	0.117590924820636	0.123894858276127	0.115592580900697	0.0820181641413377	0.127794955307636
"ERR1624538"	0.0339448325323227	0.0252862978538713	0.0378920361707227	0.0132723362105677	0.0258411458364682	0.0401584366013994	0.0292841720649739	0.0301281659247144	0.0228182117940281	0.034665537785892
"ERR1624540"	0.608127352617544	0.442462768586335	0.643265334110002	0.60420976952745	0.41478802403953	0.522939612497302	0.489492415943688	0.250602884165316	0.628724206238524	0.730174647889012
"ERR1624541"	0.0519810835995092	0.0556190221446754	0.0391298796421473	0.0383466184202128	0.0642139183542033	0.0418464317628801	0.0320857523252643	0.0551004194360163	0.0302574800075505	0.0361374896339127
"ERR1624543"	0.290055367233428	0.28075436887369	0.173141024608999	0.0824009930307749	0.19116611301148	0.183142859760332	0.257678195700646	0.219923889436394	0.229554898929512	0.26048089953303
"ERR1624544"	0.838356454897242	0.842453108878709	0.931112334989115	0.663092054403566	0.846057825543537	0.766415095376918	0.880090502235769	0.935439456228801	0.918488949841496	0.326030625415056
"ERR1624546"	0.373721214389274	0.448732133879643	0.0928916831342964	0.47358236956129	0.555895218478962	0.209616002651912	0.362355576697291	0.340907520436409	0.443216226576434	0.150672297677784
"ERR1624548"	0.0416491914129459	0.115177414054661	0.161346771332371	0.0729047240732137	0.174711650537462	0.0740631332716992	0.285173881366909	0.0945658885684554	0.177397062389676	0.12372090096833
"ERR1624551"	0.0594031714325675	0.0526712647836411	0.0572225636093307	0.045912949669878	0.0570720412596085	0.0600721415842151	0.0577623779000245	0.0471834846782309	0.0445230874510054	0.0679885003913421
"ERR1624557"	0.0106978470006548	0.0516626330630026	0.214088911390416	0.0132111806386725	0.0611086235632935	0.309689095227229	0.255435016210573	0.0152285871334841	0.0287556547836224	0.0354313493251539
"ERR1624558"	0.843884187069119	0.913252409516203	0.795798858150401	0.897493758348823	0.760076354030737	0.927518943069477	0.845489611053003	0.910728071200329	0.843635043477437	0.952451062467086
"ERR1624561"	0.902137575262577	0.76077198647685	0.802269521546996	0.688910228159897	0.636324073159227	0.757584462637146	0.609324262516765	0.749340953948033	0.828003520489263	0.65365249922132
"ERR1624563"	0.830197107926543	0.8623262718316	0.922774774011624	0.617530801808199	0.698362248061248	0.647300433791396	0.646379318598003	0.764175964387989	0.562046521121671	0.729617212691455
"ERR1624566"	0.236440555668456	0.252482461083331	0.105701198380648	0.261642202519553	0.363691516377343	0.362009609561031	0.237078835223505	0.304281342888565	0.337272767395836	0.181513766444439
"ERR1624568"	0.475019310719398	0.569279780406535	0.436497921665325	0.575343649243831	0.358696007893986	0.401593540653312	0.317476851618935	0.281785669106349	0.471135159810486	0.412880272112215
"ERR1624569"	0.979619742979924	0.942682781629598	0.937818067103527	0.986216158386158	0.959671100668817	0.970675251112055	0.975091503079255	0.931453846613738	0.953194547376548	0.990118852712805
"ERR1624571"	0.97178614835744	0.946351119053284	0.98028760133861	0.978021944582543	0.9826839181208	0.906668240623747	0.970643565665933	0.976425182845556	0.974164507525862	0.969757458716326
"ERR1624572"	0.673293112326115	0.188636985678596	0.267617722680285	0.222548223803355	0.224983328679475	0.496685922793634	0.517535444568643	0.162687527060617	0.293801358654728	0.631812718500172
"ERR1624573"	0.91131888711022	0.937172198659312	0.960752732442133	0.964317136777031	0.927300046191368	0.944627580342697	0.974482468100152	0.511606251610406	0.943996133398122	0.94796167182391
