Actinobacteria	Alphaproteobacteria	Bacilli	Bacteroidia	Betaproteobacteria	Chloroplast	Clostridia	Coriobacteriia	Deltaproteobacteria	Epsilonproteobacteria	Erysipelotrichia	Fusobacteriia	Gammaproteobacteria	Lentisphaeria	Methanobacteria	Mollicutes	Negativicutes	Opitutae	Synergistia	Verrucomicrobiae	others	Barcode.ID	Barcode.Sequence	Timepoint	prepost	PatientID
SAMPLE-1	1.78137767286352	0	3.13238805979965	4.14354866836609	2.97524448010924	0	4.12434304148156	3.13065424342865	2.19190702774495	0	2.33463773579312	2.09418544484069	2.6569421485549	0	0	0	3.11292439338079	0	0	2.99277591056454	0	806rcbc111	AGCTGTCAAGCT	1	1	1
SAMPLE-2	2.88084383275407	0	1.83167111655383	2.91269252216347	1.18915754214936	0	4.27672270980842	3.51579250038807	1.63819781480599	0	3.57195403573271	0	0	0	0	0	3.81507740155983	0	0	1.03901647783248	0.448284008373235	806rcbc109	GCGACAATTACA	0	0	1
SAMPLE-3	2.36558429560217	1.07690781742761	3.48987883070354	3.84937398452923	1.65078709926747	1.30406716889294	4.22652898645768	2.94922379219406	2.26529095053586	0	2.87676187199933	1.07690781742761	2.59631607790725	0	0	0	3.52227306654357	0	0	3.10511275272376	1.43098075777617	806rcbc103	GCGAGCGAAGTA	6	1	1
SAMPLE-4	2.06731413219245	1.03459384163548	2.91732035382691	3.05023034801017	1.14938897134971	0	4.19720547297001	2.98713342177731	1.68089213760992	0	2.85112986346982	0	2.19938814604121	0	2.45808930179214	3.82494733796672	2.42013787577183	0	0.878105563457257	3.85748211678066	1.03459384163548	806rcbc184	ACGATTCGAGTC	6	1	2
SAMPLE-5	3.52474810787271	0	1.98455185467437	3.4378295729308	1.0812942299881	0	4.35164027988705	3.5576402527069	0	0	3.1821419734746	0	0	0	0	0	2.31826380623473	0	0	2.17547540682191	1.14826839345846	806rcbc104	ATCTACCGAAGC	0	0	2
SAMPLE-6	3.26536513782448	0	3.00711241203418	4.04517315321351	0.976010394527257	0	4.20109171887191	3.3276699932164	2.55454339117195	0.94237427355627	2.69305927727478	0	2.77999286086513	0	0	0	2.80276663997711	0	0	1.78992335696179	1.55943768542848	806rcbc140	GGTTATTTGGCG	1	1	2
SAMPLE-7	2.37200845555283	1.95028368194665	3.37640224683546	3.69587216359572	2.5774452743455	0	4.1776292937877	3.23944843105251	2.70570285911331	0	2.37556780037405	0.591859276625688	3.48959522541189	0	0	0	2.91321822498223	0	0	3.65080203240442	2.32486522117853	806rcbc105	ACTTGGTGTAAG	1	1	3
SAMPLE-8	3.848442025551	2.0831417775955	2.18146796906417	3.86949451589654	2.39296767865945	0	4.09017719965772	3.63032545163822	0	0.47496078512595	2.45766436400169	1.20107874303791	2.94955132575161	0	0	0	2.51659308508263	0	0	3.01295574301174	1.82287866226559	806rcbc113	TACTCGGGAACT	0	0	3
SAMPLE-9	3.1173911684836	0.849494876840065	3.09502630358175	3.48484288177179	1.88011865655519	0	4.10957790133295	3.76915106502587	2.58944328999829	0	3.236336990659	0	3.49676548552726	0	1.00461551449978	0	2.35145535705752	0	0	3.62505182243972	1.54904777713017	806rcbc172	CACTGGTGCATA	6	1	3
SAMPLE-10	2.52431008732935	0	3.71077440298942	1.39079402673141	0	0	4.14663111444269	3.91289711030917	1.13297668674676	0	1.44306905839222	1.39079402673141	3.54839962704093	0	0	0	2.41055203109188	0	0	3.39960745852011	2.04569860489795	806rcbc133	ACCCAAGCGTTA	6	1	4
SAMPLE-11	2.42311253643518	0	3.61839540634585	3.58659598791294	1.87349297811987	0	4.14175262835474	3.57658369184842	1.32444889129097	0	2.68971628781184	1.76322514069918	2.37677374685734	0	0	0	2.66994434397063	0	0	3.83814722624678	1.44421322715983	806rcbc106	TCTTGGAGGTCA	1	1	4
SAMPLE-12	3.80598619381902	0	2.24813804117468	2.52235280921752	1.18841475903871	0	4.26478420822534	3.86813811208489	0	0	3.11964322835177	0	1.84678434353585	0	0	0	1.72390079095401	0	0	1.47514027166725	0	806rcbc127	GTTAAGCTGACC	0	0	4
SAMPLE-13	2.96191642891953	0	3.12480307026669	1.92442705124872	0	0.791640591695232	3.88169347050076	3.4162662242573	1.61049546613695	0	2.86183306950721	2.35717005774439	4.31073532512839	0	0	0	2.19018831537487	0	0	0.98447379761413	0	806rcbc168	TTAAGACAGTCG	1	1	5
SAMPLE-14	3.71128658228955	0	1.7763583673334	2.40755325445246	0	0	4.24636753647069	3.88987786065798	0	0	3.26434661066797	0	1.71532720578614	0	3.05571758676758	0	2.14016191762002	0	0	1.97774419220562	1.7763583673334	806rcbc116	CACTCATCATTC	0	0	5
SAMPLE-15	1.20274061962395	0.457678756098596	1.83424061227799	3.91769181261673	1.7633835524863	0	4.20653471965034	3.16697175921349	1.81603369542704	0	2.98546964161725	1.74915950587761	1.59447527334542	0	0	0	3.13842834661281	0	0	3.75383658994207	1.3696591034396	806rcbc161	ACACGCGGTTTA	0	0	6
SAMPLE-16	2.34964205193166	1.10288437501987	3.45129490140346	3.88673753789735	2.35827252059117	0	4.08557187656068	2.22068298152794	1.2345885208843	0	2.20149657241058	2.1522139086715	3.45349657324569	0	0	0	3.46794013219093	0	0	3.67572323535698	0	806rcbc151	AGCTATGTATGG	6	1	6
SAMPLE-17	2.24607160654025	0	3.11474761269175	3.39328709062531	1.41398706089702	0	4.16821075246033	2.68296957996839	0	0	2.8419048040664	2.23651100756978	3.73067472032382	0	0	0	3.21689049853633	0	1.21347314202777	3.84950906594603	0.622997612224647	806rcbc162	TGGCAAATCTAG	1	1	6
SAMPLE-18	3.4137306037096	0	2.26257562935048	2.97359403739483	1.96109489390518	0	4.36198052251512	3.63706452964063	0	0	3.27080703680083	0	2.14309827919101	0	2.581794253073	0	2.71781180002006	0	0	1.88735098005525	1.5042944395342	806rcbc107	TCACCTCCTTGT	0	0	7
SAMPLE-19	1.77716381511709	0	3.0104990205572	3.34668187718535	1.56911364735034	0	4.1914266275092	3.08059363309893	0	0	2.92147133010661	1.3209293243344	4.08115907332637	0	2.2850661406964	0	2.87456246084547	0	0	2.32195309484364	1.44065130206139	806rcbc149	ACGACTGCATAA	1	1	7
SAMPLE-20	2.31116216279623	0	3.24661694657725	1.88028572682882	0	0	4.1358321105276	3.61866781362725	0	0	3.45189233752907	0	3.81597408787063	0	2.96321820559678	0	1.54781798145761	0	0	3.59506651316652	1.53024292217014	806rcbc197	ATTCGGTAGTGC	6	1	7
SAMPLE-21	0.97901377109756	0	2.57546912790745	3.74307225600878	0	0.908854091331591	4.40739527072587	2.61913735297263	0	0	2.93209194240619	0	2.5803634926505	0	0	0	3.00439785415542	0	0	1.50880300934265	0	806rcbc117	GTATTTCGGACG	0	0	8
SAMPLE-22	2.57985917769538	0	3.79783271688978	3.89452849376699	0	0.892910762242326	4.16631684644775	2.6893984549799	0	0	2.05802314473208	1.05007058217591	2.93987978302027	0	0	0	2.94620657463926	0	0	3.4197753788453	0	806rcbc156	TCGTGCGTGTTG	1	1	8
SAMPLE-23	2.83597286083339	0	3.56801438781761	1.23865020279957	0	0	4.2767745148695	3.88951304968012	0	0	3.43903405115896	0	2.54361580459119	0	0	0	0.653021124634484	0	0	0	0	806rcbc126	GCTCTCCGTAGA	1	1	9
SAMPLE-24	1.5846046532777	0	1.97360839554024	3.77760953414655	2.17281058999512	0	4.34951853444287	3.26141922617327	1.75342894897644	0	2.84180766467489	0	2.64169616191349	0	0	0	3.3949526426421	0	0	1.21794022910423	1.37693490880362	806rcbc120	AGTAGCGGAAGA	0	0	9
SAMPLE-25	3.52881154781782	0	3.45328493296727	3.07522061309403	2.13746858303401	0	4.33117621647853	3.64844329406909	0	0	2.05489653912088	0	0.528429739159224	0	0	0	2.79100471509606	0	0	0.619957194820721	0	806rcbc119	TTGCCAAGAGTC	0	0	10
SAMPLE-26	2.87035615021721	0.843053799884918	3.5530719987872	3.51862208896147	2.67886033733664	0.776163924826013	3.93079787392886	3.42412627313122	2.1619833578378	0.600271808054635	1.99327347580539	0	3.64538870434246	0	0	0	3.19129667691558	0	0	3.93778210433683	0.475532122457377	806rcbc164	TTAACCTTCCTG	6	1	10
SAMPLE-27	3.25876185604304	0	3.46132288755004	3.26574415756856	2.62584825650772	0	4.24422849829284	3.9243832320632	1.31398581263194	0	2.29459023557157	0	2.6455466294142	0	0	0	2.77023972522134	0	0	0	0	806rcbc101	ACTCCTTGTGTT	1	1	10
SAMPLE-28	3.31290284618286	0	3.43951723805641	3.19042204131667	0	0	4.31049971456047	3.76461066302902	0	0	2.91219235207405	0	1.25524441656472	0	0	0	2.30654859679232	0	0	2.68179281364163	1.61351079229878	806rcbc169	TCTGCACTGAGC	6	1	11
SAMPLE-29	2.52125687944385	0	3.75689061145933	3.2056435163433	0	0	4.1632657928266	3.67064982860393	0	0	3.27392981091536	0	1.98752085053351	0	0	0	1.75835660289262	0	0	3.71791113544662	1.24268675591717	806rcbc102	GTCACGGACATT	1	1	11
SAMPLE-30	3.45377402739684	0	2.83861864516635	1.97774190063595	0.988762159858139	0	4.35922856428697	3.20386694215733	0	0	3.63512566203884	0	3.16991835758137	0	0	0	2.13526197935217	0	0	2.13526197935217	0	806rcbc110	TCATGCTCCATT	0	0	11
SAMPLE-31	3.79297723773552	0	2.99864841532558	2.18798451610195	1.81278056227667	0	4.28914298315555	2.82599905774296	0.790293001736732	0	3.03689313402182	0	3.52436619645273	0	0	0	3.28031249912113	0	0	2.40430196570058	1.30937286894196	806rcbc177	TTGATCCGGTAG	0	0	12
SAMPLE-32	2.59780790313339	0	3.53588013635886	3.2324588452967	2.58619371493238	0	4.32978325105225	3.00507423445038	1.75923904814675	0	2.80522873942027	1.72641970456364	3.28988705430485	0	0	0	2.23129055440109	0	0	3.47314128017273	1.46570440728856	806rcbc125	TTCTCTCGACAT	1	1	12
SAMPLE-33	1.74712290824099	0	2.60798776628951	2.16729048437667	0.818177743727374	0	4.44578007686998	3.39899709053652	0	0	3.44584776621837	0	0.9262923949752	0	0.673897249338419	0	2.48174421732468	0	0	1.52563743753312	0	806rcbc114	CGTGCTTAGGCT	0	0	13
SAMPLE-34	2.62589440927862	0	1.9713535255313	2.69828693137263	1.30453543412919	0	4.3947859120577	3.66933188038717	1.02452845193087	0	3.06457258378145	0	1.36839410508601	0	2.27005777056961	0	3.34081380450826	0	0	1.89013216815489	0	806rcbc196	CGCTCACAGAAT	0	0	14
SAMPLE-35	3.75095208214805	0	3.4119333812298	3.45635697471107	2.18581870901269	0	4.28502444394076	2.76187821795348	1.67679390985818	0	2.79203917946426	1.25098366556229	3.09341226718933	0	2.72785976775451	0	2.78785660634174	0	0	0	1.25098366556229	806rcbc195	CTGAAGGGCGAA	1	1	15
SAMPLE-36	3.34300897689621	0	1.77024706655779	3.56123066662933	2.11741057493261	0	4.39825680913004	2.58125649232403	1.80132846826684	0	2.81006182109752	0	0.730068113427941	0	2.44322525087636	0	3.07071820337448	0	0	2.73916699326795	1.39865828669377	806rcbc118	TATCTATCCTGC	0	0	15
SAMPLE-37	1.98628028073249	0	3.68626528459515	1.30949268131696	0	0	4.45313112098932	2.10400211402426	0	0	2.81908507847733	0	1.17627789802355	0	0	0	0.931556178905192	0	0	0	0	806rcbc131	ATCAGTACTAGG	0	0	16
SAMPLE-38	3.20804456410242	0	3.38664285365136	0.960542672407737	0	0	4.40096944629007	3.41198551943591	0	0	2.93831293652953	1.0125485569084	3.16677250342118	0	0	0	0.52156811163985	0	0	0.651756009720602	0.52156811163985	806rcbc179	TTGACCGCGGTT	1	1	16
SAMPLE-39	3.26879627467077	0	3.2170385035129	3.1582671381378	1.59343479279865	0	4.02359126910275	3.61780452750368	0	0	2.8269063971673	2.58800874863647	4.09593621965291	0	0	0	2.95995934273603	0	0	1.01263300743929	1.50493086645472	806rcbc171	TGGGTCCCACAT	1	1	17
SAMPLE-40	3.55588211214574	0	2.58293510919049	2.42536479325846	1.07130725389857	0	4.30261042592212	3.92937306503579	0	0	3.09760075693893	0	1.39314801202844	0	0	0	1.64480847794984	0	0	0.983514212569845	1.1443024250608	806rcbc115	TACCGAAGGTAT	0	0	17
SAMPLE-41	2.66694955027316	0	0.910099846963636	3.30739644644602	1.63415497997031	0	4.42675372146706	3.4856993846328	1.70068815712665	0	3.20284425287294	0	0	0	1.14095761059074	0	2.24297910128911	0	0	0.496798542872566	1.24053428444378	806rcbc130	GCCAACAACCAT	0	0	18
SAMPLE-42	2.66554634189069	0.690786352296122	3.37980183356304	1.3519248385266	0	1.33264016729533	4.19188074221615	3.98511906542283	0	0	3.73840105496598	0	1.90368647997443	0	2.01514985074701	0	0	0	0	2.57860457746374	0.945139970076579	806rcbc192	GTCGAATTTGCG	0	0	19
SAMPLE-43	2.67231353543578	0	2.0114319347204	3.47752507153666	2.45108006446336	0	4.40992218805514	3.50932222148924	0	0	2.20769207569655	0	0	0	0	0	2.61030769345443	0	0	2.90096219150475	1.28438489195466	806rcbc150	ACGCGAACTAAT	0	0	21
SAMPLE-44	2.89161263216271	0	4.21211744734293	1.19217901102497	0	0	4.08069048611655	2.28131877133793	0	0	2.82225934663207	1.06940516658499	3.60452508461547	0	0	0	2.13330834189353	0	0	0.60922518666636	1.00858415707406	806rcbc148	CGATGCTGTTGA	1	1	34
SAMPLE-45	4.35055448046045	0	3.0799693705588	3.07722667557686	0.874308922968684	0	3.78192097507136	1.23597127644551	0	0	2.89836044174671	0	2.59609743175481	0	0	0	3.32145489874938	0	0	0	0	806rcbc178	CGGGTGTTTGCT	6	1	34
SAMPLE-46	4.27319776192807	0	3.32775990447567	1.18944774903763	0.742049306257629	0	3.90276050737555	3.70411134927656	0	0	1.60079925665176	0	2.21900526619225	0	0	0	0.569706319345937	0	0	0.569706319345937	0	806rcbc173	AACGTAGGCTCT	0	0	34
SAMPLE-47	1.79589603938359	0	3.02827442929749	3.19331131418883	1.2277287445149	0	4.42304527673811	3.51339251417818	0	0	2.06853553274965	0.711488589884943	3.140411310089	0	0	0	2.3230132335477	0	0	0.487578308118991	0	806rcbc191	CGATCTTCGAGC	0	0	36
SAMPLE-48	2.24226596206458	0	3.60462286480548	2.57736381234586	0.933910314223357	0	4.19348048963026	3.63229774045443	0	0	2.00575947819545	0.717317296710407	3.97384925086686	0	0	0	2.16940496301164	0	0	1.20889054665481	0.429154923687625	806rcbc194	GTGGTCATCGTA	1	1	36
SAMPLE-49	3.20773047576541	0	2.33105138007471	1.98970824218464	1.66272015121461	0	4.28430196561172	3.61706672195656	1.72149804577031	0	3.67750761314858	0	3.28686685502103	0	0.778119152414376	0	2.78777611200177	0	0	3.16187827203957	0	806rcbc174	AGTTGTAGTCCG	0	0	37
SAMPLE-50	3.22122070263169	1.12167759857498	3.57745151532558	3.22307895537793	1.72001877394789	0	4.24277548908382	3.57101999446768	1.19816896695741	0	2.99825866830517	1.29798174390623	3.66403732914116	0	0	0	2.08384986403401	0	0	0.820008317240447	0.961692744913553	806rcbc198	CGAGCTGTTACC	6	1	38
SAMPLE-51	2.16801690503036	0	3.53675047606869	3.89503580121238	2.64769783692317	0	4.09013965061604	2.99667858850868	1.70246832530071	0	1.84612758464761	2.65787929603229	3.78237488970903	0	0	0	3.37082688278532	0	0	0.560492534987103	0.632824182470495	806rcbc136	GATGTGGTGTTA	1	1	38
SAMPLE-52	3.51657639727951	0	2.80765343600475	2.69918279810912	1.03981059202572	0	4.38350366258759	3.6162817340031	1.29391478059298	0	2.98041931814696	0	1.69508752131253	0	0	0	2.56470160527926	0	0	0.927883447090088	1.29391478059298	806rcbc137	CAGAAATGTGTC	0	0	38
SAMPLE-53	4.00438581115034	1.14678734031355	3.38326700686179	2.324989072148	0	0	4.19444656700294	3.53815105654961	0.477594702954625	0.477594702954625	2.55701050915379	0	1.90379109835837	0	0	0	2.55337620793935	0	0	3.18083538554795	1.0420381685014	806rcbc129	GACATTGTCACG	1	1	39
SAMPLE-54	3.43214040754501	2.00619352548936	2.07208545392688	3.72977037591352	1.98397964365597	0	4.22238241428173	3.48617878471165	1.97741838445315	0	2.79758782592147	0	1.64693094415131	0	0	0	3.72013460313027	0	0	0	1.29637230574012	806rcbc141	GGATCGTAATAC	0	0	39
SAMPLE-55	2.17950451184246	0	2.30230066342217	1.8461110755815	1.70245190981703	0.949604508387294	4.37735428793396	3.88177747765858	1.64810797673108	0	3.13308526894724	0	2.81498815670958	0	2.03225343634676	0.694798038642895	0.694798038642895	0	0	1.22553654808893	1.66698835504745	806rcbc163	CACCTTACCTTA	0	0	40
SAMPLE-56	2.63015247263527	0	3.3226982589396	4.01242241631705	2.13684429951049	0	4.05980027282581	3.36849781903398	2.85295287191894	0	1.88256622538177	2.18420657523354	3.34244149977697	0.810625906247453	1.87207099637509	0	3.61762295217157	0.450549529142296	0.918439554464493	0.666883120033757	1.42336581313402	806rcbc138	GTAGAGGTAGAG	1	1	40
SAMPLE-57	1.63760316271694	0	2.61081856253853	3.2312422729368	1.01806529800259	0	4.37663506943306	2.72636481317056	1.25441597648605	0	3.15784135518675	0	3.12010611291254	0	0	0	2.90012846936584	0	0	3.6126649538049	0.756816389733604	806rcbc144	TTAGAGCCATGC	0	0	42
SAMPLE-58	2.49731985976324	0	3.95589880454093	3.95332095065456	0.971006347161269	0	3.82684700433417	2.57627073450628	2.31670106180737	0	1.99451099472031	1.15735731090864	3.54154007492648	0	0	0	3.06466836554057	0	0	3.57677355902129	1.13133920751735	806rcbc180	GTGCAACCAATC	1	1	42
SAMPLE-59	2.80659402567724	0	3.216661058276	1.57594451842584	1.77373754127045	0	4.36292789065881	3.61041185695353	0	0	3.66049057774829	0	0.705346352307451	0	0	0	1.73208301291736	0	0	0	1.07422644998077	806rcbc145	TGAACCCTATGG	0	0	44
SAMPLE-60	2.1701594449744	0	1.9786754075124	3.09402543697072	2.43054914551323	0	4.37424875607228	3.48141411201802	1.86652652960056	0	3.10956001427786	0	0	0	0	0	3.63760803454771	0	0	0.976751471108355	0.756668168980958	806rcbc123	ATGTGTGTAGAC	0	0	45
SAMPLE-61	2.23320254188123	0	3.10657446241914	3.07584240339342	1.37618893957078	0	4.30264235437454	3.77291036285754	2.12915896563312	0	3.52860427899048	0.934140525031082	2.54157453135241	0	2.32024160430448	0	3.15232377388332	0	0.515592328954332	0.606076614911765	0.800376148908804	806rcbc146	AGAGTCTTGCCA	0	0	46
