Actinobacteria	Alphaproteobacteria	Bacilli	Bacteroidia	Betaproteobacteria	Chloroplast	Clostridia	Coriobacteriia	Deltaproteobacteria	Epsilonproteobacteria	Erysipelotrichia	Fusobacteriia	Gammaproteobacteria	Lentisphaeria	Methanobacteria	Mollicutes	Negativicutes	Opitutae	Synergistia	Verrucomicrobiae	others	Barcode.ID	Barcode.Sequence	Timepoint	prepost	PatientID
SAMPLE-1	55	0	1254	12875	873	0	12318	1249	143	0	199	114	419	0	0	0	1199	0	0	909	0	806rcbc111	AGCTGTCAAGCT	1	1	1
SAMPLE-2	840	0	74	904	16	0	20927	3628	47	0	4129	0	0	0	0	0	7228	0	0	11	2	806rcbc109	GCGACAATTACA	0	0	1
SAMPLE-3	169	8	2259	5170	32	14	12322	650	134	0	550	8	288	0	0	0	2434	0	0	931	19	806rcbc103	GCGAGCGAAGTA	6	1	1
SAMPLE-4	106	9	756	1027	12	0	14418	888	43	0	649	0	144	0	262	6118	240	0	6	6594	9	806rcbc184	ACGATTCGAGTC	6	1	2
SAMPLE-5	3329	0	95	2725	11	0	22352	3591	0	0	1512	0	0	0	0	0	206	0	0	148	13	806rcbc104	ATCTACCGAAGC	0	0	2
SAMPLE-6	2611	0	1440	15733	12	0	22529	3014	507	11	698	0	853	0	0	0	899	0	0	86	50	806rcbc140	GGTTATTTGGCG	1	1	2
SAMPLE-7	242	91	2454	5122	389	0	15533	1790	523	0	244	3	3185	0	0	0	844	0	0	4617	217	806rcbc105	ACTTGGTGTAAG	1	1	3
SAMPLE-8	7106	121	152	7459	248	0	12399	4300	0	2	288	15	896	0	0	0	330	0	0	1037	66	806rcbc113	TACTCGGGAACT	0	0	3
SAMPLE-9	1294	6	1229	3017	74	0	12718	5807	383	0	1702	0	3101	0	9	0	221	0	0	4167	34	806rcbc172	CACTGGTGCATA	6	1	3
SAMPLE-10	212	0	3266	15	0	0	8911	5202	8	0	17	15	2247	0	0	0	163	0	0	1595	70	806rcbc133	ACCCAAGCGTTA	6	1	4
SAMPLE-11	315	0	4956	4606	88	0	16541	4501	24	0	583	68	283	0	0	0	557	0	0	8221	32	806rcbc106	TCTTGGAGGTCA	1	1	4
SAMPLE-12	2216	0	61	115	5	0	6374	2557	0	0	456	0	24	0	0	0	18	0	0	10	0	806rcbc127	GTTAAGCTGACC	0	0	4
SAMPLE-13	529	0	770	48	0	3	4402	1507	23	0	420	131	11823	0	0	0	89	0	0	5	0	806rcbc168	TTAAGACAGTCG	1	1	5
SAMPLE-14	1313	0	15	65	0	0	4502	1981	0	0	469	0	13	0	290	0	35	0	0	24	15	806rcbc116	CACTCATCATTC	0	0	5
SAMPLE-15	16	2	72	8854	61	0	17219	1571	69	0	1034	59	41	0	0	0	1471	0	0	6071	24	806rcbc161	ACACGCGGTTTA	0	0	6
SAMPLE-16	248	13	3147	8579	253	0	13561	184	18	0	176	157	3163	0	0	0	3270	0	0	5277	0	806rcbc151	AGCTATGTATGG	6	1	6
SAMPLE-17	274	0	2035	3866	39	0	23032	752	0	0	1085	268	8409	0	0	0	2575	0	24	11056	5	806rcbc162	TGGCAAATCTAG	1	1	6
SAMPLE-18	2178	0	153	790	76	0	19340	3643	0	0	1567	0	116	0	320	0	438	0	0	64	26	806rcbc107	TCACCTCCTTGT	0	0	7
SAMPLE-19	62	0	1078	2339	38	0	16366	1267	0	0	878	21	12696	0	202	0	788	0	0	220	28	806rcbc149	ACGACTGCATAA	1	1	7
SAMPLE-20	291	0	2519	107	0	0	19528	5935	0	0	4042	0	9349	0	1311	0	49	0	0	5621	47	806rcbc197	ATTCGGTAGTGC	6	1	7
SAMPLE-21	6	0	264	3893	0	5	17975	292	0	0	601	0	267	0	0	0	710	0	0	22	0	806rcbc117	GTATTTCGGACG	0	0	8
SAMPLE-22	445	0	7369	9207	0	8	17216	573	0	0	133	12	1021	0	0	0	1036	0	0	3085	0	806rcbc156	TCGTGCGTGTTG	1	1	8
SAMPLE-23	587	0	3171	14	0	0	16220	6649	0	0	2356	0	299	0	0	0	3	0	0	0	0	806rcbc126	GCTCTCCGTAGA	1	1	9
SAMPLE-24	41	0	102	6564	162	0	24498	1999	61	0	760	0	479	0	0	0	2719	0	0	17	25	806rcbc120	AGTAGCGGAAGA	0	0	9
SAMPLE-25	4265	0	3584	1500	172	0	27064	5618	0	0	142	0	3	0	0	0	779	0	0	4	0	806rcbc119	TTGCCAAGAGTC	0	0	10
SAMPLE-26	745	6	3592	3318	479	5	8573	2669	145	3	98	0	4443	0	0	0	1561	0	0	8712	2	806rcbc164	TTAACCTTCCTG	6	1	10
SAMPLE-27	185	0	295	188	43	0	1790	857	2	0	20	0	45	0	0	0	60	0	0	0	0	806rcbc101	ACTCCTTGTGTT	1	1	10
SAMPLE-28	1692	0	2265	1276	0	0	16834	4789	0	0	672	0	14	0	0	0	166	0	0	395	33	806rcbc169	TCTGCACTGAGC	6	1	11
SAMPLE-29	241	0	4158	1168	0	0	10600	3409	0	0	1367	0	70	0	0	0	41	0	0	3801	12	806rcbc102	GTCACGGACATT	1	1	11
SAMPLE-30	1300	0	315	43	4	0	10460	731	0	0	1974	0	676	0	0	0	62	0	0	62	0	806rcbc110	TCATGCTCCATT	0	0	11
SAMPLE-31	9605	0	1541	237	99	0	30110	1035	8	0	1683	0	5174	0	0	0	2949	0	0	391	30	806rcbc177	TTGATCCGGTAG	0	0	12
SAMPLE-32	378	0	3285	1633	368	0	20443	967	54	0	610	50	1864	0	0	0	162	0	0	2843	27	806rcbc125	TTCTCTCGACAT	1	1	12
SAMPLE-33	59	0	435	157	6	0	30015	2694	0	0	3001	0	8	0	4	0	325	0	0	35	0	806rcbc114	CGTGCTTAGGCT	0	0	13
SAMPLE-34	132	0	29	156	6	0	7771	1462	3	0	363	0	7	0	58	0	686	0	0	24	0	806rcbc196	CGCTCACAGAAT	0	0	14
SAMPLE-35	5694	0	2608	2889	154	0	19478	583	47	0	625	17	1252	0	539	0	619	0	0	0	17	806rcbc195	CTGAAGGGCGAA	1	1	15
SAMPLE-36	2015	0	53	3331	119	0	22893	348	57	0	590	0	4	0	253	0	1076	0	0	501	22	806rcbc118	TATCTATCCTGC	0	0	15
SAMPLE-37	89	0	4506	18	0	0	26347	117	0	0	611	0	13	0	0	0	7	0	0	0	0	806rcbc131	ATCAGTACTAGG	0	0	16
SAMPLE-38	1389	0	2096	7	0	0	21671	2222	0	0	746	8	1263	0	0	0	2	0	0	3	2	806rcbc179	TTGACCGCGGTT	1	1	16
SAMPLE-39	1797	0	1595	1393	37	0	10222	4015	0	0	649	374	12075	0	0	0	882	0	0	9	30	806rcbc171	TGGGTCCCACAT	1	1	17
SAMPLE-40	1667	0	177	123	5	0	9306	3940	0	0	580	0	11	0	0	0	20	0	0	4	6	806rcbc115	TACCGAAGGTAT	0	0	17
SAMPLE-41	650	0	10	2845	59	0	37466	4290	69	0	2236	0	0	0	18	0	244	0	0	3	23	806rcbc130	GCCAACAACCAT	0	0	18
SAMPLE-42	473	4	2454	22	0	21	15926	9893	0	0	5605	0	81	0	105	0	0	0	0	387	8	806rcbc192	GTCGAATTTGCG	0	0	19
SAMPLE-43	360	0	78	2303	216	0	19716	2478	0	0	123	0	0	0	0	0	312	0	0	610	14	806rcbc150	ACGCGAACTAAT	0	0	21
SAMPLE-44	1015	0	21257	19	0	0	15706	248	0	0	865	14	5246	0	0	0	176	0	0	4	12	806rcbc148	CGATGCTGTTGA	1	1	34
SAMPLE-45	20732	0	1111	1104	6	0	5597	15	0	0	731	0	364	0	0	0	1938	0	0	0	0	806rcbc178	CGGGTGTTTGCT	6	1	34
SAMPLE-46	20743	0	2351	16	5	0	8839	5594	0	0	43	0	182	0	0	0	3	0	0	3	0	806rcbc173	AACGTAGGCTCT	0	0	34
SAMPLE-47	89	0	1543	2257	23	0	38329	4718	0	0	168	6	1998	0	0	0	303	0	0	3	0	806rcbc191	CGATCTTCGAGC	0	0	36
SAMPLE-48	206	0	4771	447	9	0	18516	5085	0	0	119	5	11166	0	0	0	174	0	0	18	2	806rcbc194	GTGGTCATCGTA	1	1	36
SAMPLE-49	1935	0	256	116	54	0	23094	4968	62	0	5710	0	2322	0	6	0	735	0	0	1741	0	806rcbc174	AGTTGTAGTCCG	0	0	37
SAMPLE-50	3263	24	7413	3277	101	0	34309	7304	29	0	1952	37	9049	0	0	0	236	0	0	11	16	806rcbc198	CGAGCTGTTACC	6	1	38
SAMPLE-51	222	0	5223	11920	673	0	18681	1505	75	0	105	689	9196	0	0	0	3564	0	0	4	5	806rcbc136	GATGTGGTGTTA	1	1	38
SAMPLE-52	2638	0	515	401	8	0	19423	3319	15	0	767	0	39	0	0	0	294	0	0	6	15	806rcbc137	CAGAAATGTGTC	0	0	38
SAMPLE-53	10084	13	2412	210	0	0	15621	3446	2	2	359	0	79	0	0	0	356	0	0	1513	10	806rcbc129	GACATTGTCACG	1	1	39
SAMPLE-54	3742	139	162	7427	132	0	23093	4238	130	0	867	0	60	0	0	0	7264	0	0	0	26	806rcbc141	GGATCGTAATAC	0	0	39
SAMPLE-55	76	0	101	35	25	4	12065	3854	22	0	687	0	330	0	54	2	2	0	0	8	23	806rcbc163	CACCTTACCTTA	0	0	40
SAMPLE-56	701	0	3460	16942	224	0	18895	3845	1172	0	124	250	3621	9	121	0	6825	3	12	6	42	806rcbc138	GTAGAGGTAGAG	1	1	40
SAMPLE-57	45	0	432	1806	10	0	25255	564	18	0	1525	0	1398	0	0	0	842	0	0	4348	5	806rcbc144	TTAGAGCCATGC	0	0	42
SAMPLE-58	375	0	10813	10749	10	0	8033	450	247	0	117	16	4164	0	0	0	1388	0	0	4516	15	806rcbc180	GTGCAACCAATC	1	1	42
SAMPLE-59	471	0	1212	27	43	0	16983	3002	0	0	3369	0	3	0	0	0	39	0	0	0	8	806rcbc145	TGAACCCTATGG	0	0	44
SAMPLE-60	156	0	100	1317	285	0	25127	3215	77	0	1365	0	0	0	0	0	4607	0	0	9	5	806rcbc123	ATGTGTGTAGAC	0	0	45
SAMPLE-61	224	0	1682	1567	30	0	26437	7806	176	0	4447	10	457	0	274	0	1869	0	3	4	7	806rcbc146	AGAGTCTTGCCA	0	0	46
