Acidaminococcaceae	Actinomycetaceae	Aerococcaceae	Aeromonadaceae	Alcaligenaceae	Anaeroplasmataceae	Bacillaceae	Bacteroidaceae	Bacteroidales_S24-7_group	Bifidobacteriaceae	Campylobacteraceae	Cardiobacteriaceae	Carnobacteriaceae	Christensenellaceae	Clostridiaceae_1	Clostridiales_vadinBB60_group	Coriobacteriaceae	Corynebacteriaceae	Defluviitaleaceae	Desulfovibrionaceae	Enterobacteriaceae	Enterococcaceae	Erysipelotrichaceae	Eubacteriaceae	Family_XI	Family_XIII	Fusobacteriaceae	Helicobacteraceae	Lachnospiraceae	Lactobacillaceae	Leptotrichiaceae	Leuconostocaceae	Listeriaceae	Methanobacteriaceae	Micrococcaceae	Mitochondria	Neisseriaceae	Oxalobacteraceae	Pasteurellaceae	Peptococcaceae	Peptostreptococcaceae	Porphyromonadaceae	Prevotellaceae	Rhodospirillaceae	Rikenellaceae	Ruminococcaceae	Staphylococcaceae	Streptococcaceae	Synergistaceae	Thermoanaerobacteraceae	Veillonellaceae	Verrucomicrobiaceae	others	Barcode.ID	Barcode.Sequence	Timepoint	prepost	PatientID
SAMPLE-1	0.984387574283899	1.6764838481358	0	0	2.97524448010924	0	0	3.67652403090868	0	1.14520707705677	0	0	0	0	0	0	3.13065424342865	0	0	2.19190702774495	2.6569421485549	1.90839806239247	2.33463773579312	1.07219912453109	0.874201762808016	1.41262557447183	2.09418544484069	0	3.86145768103452	1.37471354060149	0	0	0	0	0	0	0	0	0	0	3.546444641114	3.13238805979965	3.82447225021458	0	3.05699188543736	3.39567272192267	0	3.09481731823879	0	0	3.11001922101104	2.99277591056454	1.03050894546833	806rcbc111	AGCTGTCAAGCT	1	1	1
SAMPLE-2	0	0.569479636498459	0	0	1.18915754214936	0	0	2.43901867612615	0	2.87929205271044	0	0	0	0.448284008373235	0	0	3.51579250038807	0	0	1.63819781480599	0	0	3.57195403573271	2.4837600799078	0	1.70500704856755	0	0	3.92857078437866	0	0	0.448284008373235	0	0	0	0	0	0	0	0	2.5844906609328	2.13814094942546	2.14941415246894	0	2.42744091965575	3.98627289255712	0	1.81994960733261	0	0	3.81507740155983	1.03901647783248	0.66412820051321	806rcbc109	GCGACAATTACA	0	0	1
SAMPLE-3	3.44261820722818	1.85789162431759	0	0	1.65078709926747	0	0	3.51562254061112	0	2.16411436689281	0	0	0	1.56284433791755	2.21038773355125	0	2.94922379219406	0	0	2.26529095053586	2.5902574255717	1.43098075777617	2.87676187199933	0.810815230287569	1.07690781742761	2.44274310549142	1.07690781742761	0	3.90914988909283	1.33259044809142	0	0.810815230287569	0	0	1.20517328239504	1.07690781742761	0	0	0.810815230287569	0	2.46160735161364	2.81862699308159	3.20539074034005	0	3.18493587497952	3.90087417008083	0	3.47976824505547	0	0	2.74726004693217	3.10511275272376	1.80543115550809	806rcbc103	GCGAGCGAAGTA	6	1	1
SAMPLE-4	2.31454079728139	1.37902712879339	0	0	1.14938897134971	0	0	2.9520420452509	0	1.84388004781346	0	0	0	2.70377473061728	1.39840495759512	0	2.98713342177731	0	0.729853383160997	1.68089213760992	2.19938814604121	1.98233903856943	2.85112986346982	2.13488970666995	0.729853383160997	2.44975055885155	0	0	3.20289801186652	1.18177621287217	0	0	0	2.45808930179214	1.39840495759512	0	0	0	0	1.03459384163548	1.74512412167033	1.91860415814922	1.18177621287217	1.03459384163548	2.12075536875594	4.10612139878781	0	2.85312994707003	0.878105563457257	0.50300751635047	1.76185696608649	3.85748211678066	3.84890290634825	806rcbc184	ACGATTCGAGTC	6	1	2
SAMPLE-5	2.31826380623473	0.780072569119755	0	0	1.0812942299881	0	0	3.40422090410893	0	3.52409552296757	0	0	0	2.9139919065989	2.33473233386381	0.60378956023563	3.5576402527069	0	0.956291614376411	0	0	0	3.1821419734746	2.64870310238826	0.478658989100047	2.7481556332489	0	0	3.83634324593458	0	0	0	0	0	0	0	0	0	0	1.74262546188142	2.43043078219303	1.88308791291709	0.700814633299826	0	2.09919618952732	4.1084952818697	0	1.98455185467437	0	0.905107148903579	0	2.17547540682191	2.61082493690207	806rcbc104	ATCTACCGAAGC	0	0	2
SAMPLE-6	2.79840387107562	0	0	0	0.976010394527257	0	0	3.9617449578389	0.582161810459573	3.26536513782448	0.94237427355627	0	0	2.88671131883248	0	0	3.3276699932164	0	0.582161810459573	2.55454339117195	2.77999286086513	1.72579750531515	2.69305927727478	2.48422623768804	1.89136236285052	3.15268760356396	0	0	3.68839203692177	0.94237427355627	0	0	0	0	0	0	0	0	0	1.7747575502823	1.00722761865009	2.95431539107118	1.13652706130528	0	3.01101171170127	3.91391779347273	0	2.98071601535519	0	0	0.866106999629892	1.78992335696179	2.3083448370067	806rcbc140	GGTTATTTGGCG	1	1	2
SAMPLE-7	2.89107791991749	2.01989727937072	0	0	2.5774452743455	0	0	3.52126325218959	0	2.02786387440071	0	0	1.43399827157209	1.24238757952541	0	0	3.23944843105251	0.766802190431475	0	2.70570285911331	3.48959522541189	1.19133120797072	2.37556780037405	1.53080930167912	1.10135420763651	2.29816662323649	0.591859276625688	0	3.8282069062642	0	0	0	0	0	1.32939786138882	0	0	0	0	0	0	3.13217272988551	1.77896047110514	1.95028368194665	2.36298033813188	3.90683533051312	0	3.36728533357769	0	0	1.62013603657055	3.65080203240442	2.32883083000538	806rcbc105	ACTTGGTGTAAG	1	1	3
SAMPLE-8	2.50864863393534	1.27568023474677	0	0	2.39296767865945	0	0	3.74183062919735	0	3.84734068762421	0.47496078512595	0	0	1.55314821262293	0	0	3.63032545163822	0	0	0	2.94955132575161	0	2.45766436400169	1.29794806196639	1.50200699635249	2.14290655046655	1.20107874303791	0	3.84253568349539	0.90025216059498	0	0	0	0	0	0	0	0	0	1.20107874303791	1.29794806196639	3.05971590330499	2.11405140861599	2.0831417775955	2.78634125114938	3.70602584893095	0	2.15211406423234	0	0	0.842318314185452	3.01295574301174	1.9106088206985	806rcbc113	TACTCGGGAACT	0	0	3
SAMPLE-9	2.35145535705752	1.28361068379292	0	0	1.3666315832431	0	0	3.33977774368411	0	3.10583638055291	0	0	0	2.37801574717029	0	0	3.76915106502587	0	0	2.58944328999829	3.49676548552726	1.23527443429071	3.236336990659	1.32710193250138	1.45210135603625	2.79115820563929	0	0	3.7628240695475	1.60705792700629	0	0	0	1.00461551449978	1.23527443429071	0	0	1.72930505753278	0	0	2.73589813952197	2.66312553285845	1.6862604088045	0.849494876840065	2.55777927819028	3.74933914120107	0	3.07367787849843	0	0	0	3.62505182243972	1.76091079143422	806rcbc172	CACTGGTGCATA	6	1	3
SAMPLE-10	1.18056184395005	1.87460722504987	0	0	0	0	0	1.39079402673141	0	2.34476959872392	0	0	1.82644818723191	0.617587535303105	3.51088563340218	0	3.91289711030917	0.862799170054508	0	1.13297668674676	3.54839962704093	1.83651671148408	1.44306905839222	1.26247024886938	1.5702441467861	0.947629910679734	1.39079402673141	0	3.99050846055785	0.947629910679734	0	0	0	0	1.53184681294941	0	0	0	0	0	0.947629910679734	0	0	0	0	2.98031704382521	0	3.6931377806928	0	0	2.38598375384746	3.39960745852011	2.13935528212417	806rcbc133	ACCCAAGCGTTA	6	1	4
SAMPLE-11	1.93681208176568	2.05089117113447	0	0	1.87349297811987	0	0	3.55085237261912	0	2.11403319688154	0	0	1.95736089971681	2.06049322313631	2.51108764405313	0	3.57658369184842	1.0435211843516	0	1.32444889129097	2.36594265028437	0	2.68971628781184	1.28852674959132	1.75048711435175	2.48805457387837	1.76322514069918	0	3.92234200769472	0	0	0	0	0	1.15852507612456	0	0	0	0.836631617217462	1.13250158612634	2.60094303869256	2.40200519714801	0	0	1.73736415815871	3.635741351377	0	3.60324051710204	0	0	2.5823086706576	3.83814722624678	1.44421322715983	806rcbc106	TCTTGGAGGTCA	1	1	4
SAMPLE-12	0.984934011660764	1.74695002396702	0	0	1.18841475903871	0	0	2.52235280921752	0	3.80224708179569	0	0	0	1.43099563435776	0	0	3.86813811208489	0	0	0	1.84678434353585	0	3.11964322835177	1.09848409977201	0.830761456026741	1.58571459015934	0	0	4.10737399890377	1.26288000102843	0	0	0	0	0	0	0	0	0	1.18841475903871	1.74695002396702	0	0	0	0	3.73597000474127	0	2.20343838167343	0	0	1.64635671827753	1.47514027166725	0	806rcbc127	GTTAAGCTGACC	0	0	4
SAMPLE-13	1.88710809215925	2.87304581315389	0	0	0	0	0	1.70895688086304	0.649288542791905	1.824327393995	0	0	2.06131788962944	0	3.18765841837631	0	3.4162662242573	0.649288542791905	0	1.61049546613695	4.31073532512839	0	2.86183306950721	0	2.46990970888361	2.52484265480487	2.35717005774439	0	3.57376075195904	0	0	0	0	0	2.00572178618529	0	0	0	0	0	2.05474532356128	1.11754754303509	1.26239464945392	0	0	3.26393835657271	0	2.98739657429033	0	0	1.89674275194296	0.98447379761413	0.791640591695232	806rcbc168	TTAAGACAGTCG	1	1	5
SAMPLE-14	2.08786118570808	1.5096706420007	0	0	0	0	0	1.89947624600482	0	3.70863288545373	0	0	0	2.89016223919201	1.89947624600482	0.946143069801147	3.88987786065798	0	0	0	1.71532720578614	0	3.26434661066797	0	0	1.97774419220562	0	0	3.87652249793296	1.60388608013487	0	0	0	3.05571758676758	0	0	0	0	0	2.28539044738093	2.22897681570545	1.74691398993989	1.5096706420007	0	1.92040479818458	3.94420314937646	0	1.31353550234237	0	0	1.22186830721047	1.97774419220562	1.82986010623628	806rcbc116	CACTCATCATTC	0	0	5
SAMPLE-15	3.11881559200919	0.928120823070801	0	0	1.7633835524863	0	0	3.73654589162353	0.580124819499004	0.928120823070801	0	0	0	2.18552973733325	0	0	3.16697175921349	0	0	1.81603369542704	1.59447527334542	0	2.98546964161725	0	1.53952574679695	2.85871878126536	0	0	3.84527550978384	0.973541642518786	1.74915950587761	0.580124819499004	0	0	0	0	0	0	0	0	0.819936835481027	3.16029047489872	1.31430777816265	0.457678756098596	3.131888853465	3.91057131781505	0	1.7563297599643	0	0	1.79050599238841	3.75383658994207	1.77032460626895	806rcbc161	ACACGCGGTTTA	0	0	6
SAMPLE-16	3.31555986914854	1.85695110961665	0	0.739546304185144	2.35827252059117	0	0	3.75698242441431	0	2.1522139086715	0	0.446516714979964	1.52277836790211	1.6355129581766	1.91282802423334	0	2.22068298152794	0.446516714979964	0	1.2345885208843	3.43599144022228	1.25673576073357	2.20149657241058	1.67019613339048	1.48617290733805	1.03652014150248	2.14108565190284	0	3.71899600389322	1.21125088540322	0.661976973315371	0	0	0	0.999101891691373	0	0	0	2.0292060929203	0	1.13261435697482	3.16466238964605	0	1.10288437501987	2.72491549754901	3.82929561390322	0	3.43656267114886	0	0	2.93961921503623	3.67572323535698	0.446516714979964	806rcbc151	AGCTATGTATGG	6	1	6
SAMPLE-17	0	1.98356986346239	0	0	1.41398706089702	0	0	3.20267008162936	0.622997612224647	1.69550807285196	0	0.357749414067312	1.68987246700883	1.15925972175647	2.91291152379815	0	2.68296957996839	0.938227440086776	0	0	3.72912284735816	0	2.8419048040664	2.00878368482177	2.01953651351456	1.77695695320504	2.23651100756978	0	3.82265588103487	0.738510503928733	0	0	0	0	1.39202818836172	0	0	0	1.27660824159173	0	2.19246215970594	2.79152917813663	1.64823222132929	0	2.3329168757135	3.83663401350508	0	3.08267058504524	1.21347314202777	0	3.21689049853633	3.84950906594603	1.15925972175647	806rcbc162	TGGCAAATCTAG	1	1	6
SAMPLE-18	2.69233808396423	1.61758852511354	0	0	1.96109489390518	0	0	2.41563271458869	1.18408430826326	3.40568356320185	0	0	0	2.32062388592232	1.80661359570854	0	3.63706452964063	0	1.0219779310934	0	1.39441158517833	0	3.27080703680083	0	0.760387956836675	1.77308684808804	0	0	3.8992949360946	0.659883562317227	0	0	0	2.581794253073	0.910587757415483	0	0	0	2.06156183175702	0.760387956836675	2.4096379523128	2.13559994170655	2.70678698982604	0	1.37305597634718	4.16054018957452	0	2.24235079006765	0	0	1.4878046984675	1.88735098005525	1.64182971812162	806rcbc107	TCACCTCCTTGT	0	0	7
SAMPLE-19	2.47721643321967	1.61146237571184	0	0	1.56911364735034	0	0	3.0927514671739	0	0.681029500738616	0	0	1.39331853952633	1.85282580841286	2.9726758188948	0	3.08059363309893	0.585262745138242	0	0	4.07872374897618	0	2.92147133010661	0	1.72605716264783	2.12063736905118	1.23401225108563	0	3.82268154240092	0	0.681029500738616	0	0	2.2850661406964	1.12523383294601	0	0	0	1.83510988727139	0	1.89681292031166	2.41051079846349	2.76211141776569	0	2.17899876109284	3.88438634558312	0	2.97878013376275	0	0	2.65328328722069	2.32195309484364	1.55784822888336	806rcbc149	ACGACTGCATAA	1	1	7
SAMPLE-20	1.00436150201137	2.23683337893099	0	0	0	0	0	1.50247025719553	0	0.863361297033989	0	0	1.21488567016324	2.31412231339081	3.20902302744936	0	3.61866781362725	0	0	0	3.81583472607453	0	3.45189233752907	0	1.55634580136877	2.59211009419987	0	0	3.72414828584686	0	0	0	0	2.96321820559678	1.42979516210573	0	0	0	0.491391865032014	0.380237222590557	2.01665965661777	0.770889000899303	1.41834412918953	0	1.17613282771599	3.78137617148457	0	3.23615331342727	0	0	1.41834412918953	3.59506651316652	1.58887511547082	806rcbc197	ATTCGGTAGTGC	6	1	7
SAMPLE-21	0.584642649920543	0	0	0	0	0	0	3.74117196484254	0	0.97901377109756	0	0	0	1.79322601955195	1.22102672759502	0.97901377109756	2.61913735297263	0	0	0	2.5803634926505	0	2.93209194240619	0.584642649920543	0	1.93592341313253	0	0	4.24657575678579	0	0	0	0	0	0	0	0	0	0	0	2.41682690601644	0.721326761276588	0	0	1.32013136869416	3.87234750420346	0	2.57546912790745	0	0	3.00317397758436	1.50880300934265	1.46875404569029	806rcbc117	GTATTTCGGACG	0	0	8
SAMPLE-22	0	1.40998696764994	0	0	0	0	0	3.85267417633293	0	2.55067214811052	0	0	1.01578605156958	0.786112575525322	1.16522486059061	0.550900933746005	2.6893984549799	0	0	0	2.93987978302027	1.16522486059061	2.05802314473208	0	0.786112575525322	1.18980401254123	1.05007058217591	0	4.07735612160178	1.5121219389685	0	0.937844049994635	0	0	0	0	0	0	0	0	2.15611367233278	0	2.83136293652593	0	1.64780859408154	3.4022586639104	0	3.79291411529812	0	0	2.94620657463926	3.4197753788453	1.40998696764994	806rcbc156	TCGTGCGTGTTG	1	1	8
SAMPLE-23	0	2.32881378587582	0	0	0	0	0	1.23865020279957	0	2.59156089980889	0	0	1.14069854886079	2.01048017966894	2.88351027683828	0	3.88951304968012	0	0	0	2.54361580459119	0	3.43903405115896	0.902874668277004	1.78980837815212	2.40086810416644	0	0	4.15518612921813	2.81709925905239	0	0	0	0	1.92317358368082	0	0	0	0	0	2.90734470549489	0	0	0	0	3.4268883379306	0	3.47219350401046	0	0	0.653021124634484	0	1.34218778238407	806rcbc126	GCTCTCCGTAGA	1	1	9
SAMPLE-24	3.1015345547688	1.07749216863764	0	0	2.17281058999512	0	0	3.6562960934341	0	1.43887074250442	0	0	0	2.13962015186317	0	0	3.26141922617327	0	0	1.75342894897644	2.64169616191349	0	2.84180766467489	0.667559402892077	0	1.76036720147126	0	0	4.19670657699208	0.451106063349487	0	0	0	0	0	0	0	0	0	1.5056205143914	1.24130061526177	2.50579380580683	2.66115485376714	0	2.83548507094424	3.79415894204582	0	1.96510051486616	0	0	3.08653092582845	1.21794022910423	2.2744370939403	806rcbc120	AGTAGCGGAAGA	0	0	9
SAMPLE-25	0	2.00346446917864	0	0	2.13746858303401	0	0	3.01078634530956	0	3.51432082708979	0	0	1.22637857484982	1.72003187833919	1.54480004481686	0	3.64844329406909	0.91001771369869	0	0	0.528429739159224	0	2.05489653912088	0.619957194820721	1.1834769285647	2.44686152733764	0	0	4.20366926282639	0.619957194820721	0	0	0	0	0.695512647081848	0	0	0	0	0	2.52742107441977	1.44607723799677	0.41231628879772	0	2.13495475242517	3.67410221977364	0.759850924790155	3.44792209485295	0	0	2.79100471509606	0.619957194820721	1.44607723799677	806rcbc119	TTGCCAAGAGTC	0	0	10
SAMPLE-26	0.697062346650258	2.57625963817398	0	0	2.67886033733664	0	0.952122371610107	3.46714240645534	0	2.5441635758767	0.600271808054635	0	1.22820374665106	1.2018836007623	2.65563077047597	0	3.42412627313122	0.997853294841906	0	2.1619833578378	3.64538870434246	1.14391300706794	1.99327347580539	1.2018836007623	1.37792503140693	2.43695550928008	0	0	3.35133911285037	1.57746066698223	0	0	0.776163924826013	0	0.901003056038523	0.843053799884918	0	0	0	0	3.12342236461069	2.06209272902478	0.697062346650258	0	2.40074409311574	3.62034665119312	1.07699468684869	3.53894438126599	0	0	3.1901831046432	3.93778210433683	1.58874006328421	806rcbc164	TTAACCTTCCTG	6	1	10
SAMPLE-27	0	2.69120588032618	0	0	2.62584825650772	0	0	3.161911674901	0	3.108960072956	0	0	1.84273209105047	0	1.48299412613151	0	3.9243832320632	0	0	1.31398581263194	2.6455466294142	0	2.29459023557157	1.84273209105047	2.03675239193849	3.04864401849223	0	0	4.0588314895235	1.31398581263194	0	0	0	0	1.60434759499078	0	0	0	0	0	2.61565356361139	1.69909215386641	0	0	2.53668272231218	3.65041270531566	0	3.43084448365797	0	0	2.77023972522134	0	0	806rcbc101	ACTCCTTGTGTT	1	1	10
SAMPLE-28	2.12498676443292	1.90267268209356	0	0	0	0	0	3.15573996143259	0	3.29456245586955	0	0	0	2.64993071873014	2.15552338063449	0	3.76461066302902	0	0.91830380220901	0	1.25524441656472	0	2.91219235207405	2.43225230371332	0.535092135463723	2.76355872795413	0	0	3.78808305642432	2.1170049155829	0	0	0	0	0.849481623959303	0	0	0	0	1.44267502221314	3.10582095683169	1.73579774123763	0	0	1.82325858257982	4.0561615877011	0	3.41810576891929	0	0	1.84639616487886	2.68179281364163	2.33913779839319	806rcbc169	TCTGCACTGAGC	6	1	11
SAMPLE-29	0	2.47384492254559	0	0	0	0	0	2.87886718187392	0	1.30607084230375	0	0	1.65284820470433	1.96869769607129	1.74782209087002	0	3.67064982860393	0	1.30607084230375	0	1.98752085053351	0	3.27392981091536	0.895925301126016	1.02599142749474	2.97849278331309	0	0	3.90148746217276	2.32749872844473	0	0	0	0	1.20715024673534	0	0	0	0	2.40913931170168	1.07883971524892	2.68536991478759	0	0	2.56399854650485	3.71227718149068	0	3.73449728320791	0	0	1.75835660289262	3.71791113544662	1.94225969252718	806rcbc102	GTCACGGACATT	1	1	11
SAMPLE-30	1.14973741566246	1.74549240076735	0	0	0.988762159858139	0	0	1.90146390682804	0	3.44534385514814	0	0	0	0	0	0	3.20386694215733	0	0	0	3.16991835758137	0	3.63512566203884	1.14973741566246	1.21226691819161	1.67125553843182	0	0	4.27651609547147	1.99728274114777	0	0	0	0	0	0	0	0	0	0	0	1.21226691819161	0	0	0	3.5911840792355	0	2.76038833460934	0	0	2.09139897221214	2.13526197935217	0.878430949052954	806rcbc110	TCATGCTCCATT	0	0	11
SAMPLE-31	0	2.00227254161637	0	0	1.81278056227667	0	0	1.99095827199099	0	3.7858209155718	0	0	0.688204714045987	1.07869190495964	0.872892444408099	0	2.82599905774296	0	0	0.790293001736732	3.52436619645273	0	3.03689313402182	3.00033440065293	2.18248814246172	1.80405488414618	0	0	4.02388907940995	1.63354071138081	0	0	0	0	0.468168812961155	0	0	0	0	0	0.942264435731678	1.5779171928428	1.30937286894196	0	0	3.88411167069894	0	2.97759349535029	0	0	3.28031249912113	2.40430196570058	1.30937286894196	806rcbc177	TTGATCCGGTAG	0	0	12
SAMPLE-32	0	2.46630918418623	0	0	2.58619371493238	0	0	3.17393334079874	0	1.96348728972981	0	0	1.60980060481907	1.22216173372316	2.78036152917906	0	3.00507423445038	0	0	1.75923904814675	3.28872113528054	0	2.80522873942027	2.84266429942584	1.86404769412036	2.48453676390011	1.72641970456364	0	3.96596310817544	1.93280283065862	0	0	0	0	1.13171313922512	0	0	0	0.794224978449055	0	1.70903055001012	2.33509781650221	0	0	0	4.01908610993206	0	3.51127384827189	0	0	2.23129055440109	3.47314128017273	1.46570440728856	806rcbc125	TTCTCTCGACAT	1	1	12
SAMPLE-33	2.13596623507658	1.68505886206168	0.673897249338419	0	0.818177743727374	0	0	2.04788024516603	0	0.75200171835991	0	0	0.75200171835991	1.44663771704984	2.12094508527914	0	3.39899709053652	0	0	0	0.9262923949752	0	3.44584776621837	0.45632910746941	1.2007972943804	2.30503679787086	0	0	4.22123250264037	0.875590718484318	0	0.578597412614958	0	0.673897249338419	0.578597412614958	0	0	0	0	0	2.93787721938983	1.11688720497132	1.27109057988848	0	0.818177743727374	4.00169207848588	0	2.57165220457976	0	0	2.22388057992199	1.52563743753312	0.673897249338419	806rcbc114	CGTGCTTAGGCT	0	0	13
SAMPLE-34	1.22964099287204	1.42405546682874	0	0	0	0	0	2.31929192370766	0	2.59880846499432	0	0	0	1.9406627906169	0	0	3.66933188038717	0	1.22964099287204	1.02452845193087	1.36839410508601	0	3.06457258378145	1.02452845193087	1.83293850054059	2.7119611909368	0	0	3.84021316404288	1.02452845193087	0	0	0	2.27005777056961	0	0	0	1.30453543412919	0	1.36839410508601	1.02452845193087	2.15082381693335	1.42405546682874	0	2.09882899794479	4.23445282137002	0	1.92446382313894	0	0	3.33763825547871	1.89013216815489	1.22964099287204	806rcbc196	CGCTCACAGAAT	0	0	14
SAMPLE-35	0	2.81236835205016	0	0	2.18581870901269	0	0	3.40691066462656	0	3.69399395865995	0	0	1.14191162852469	2.56601276660006	1.19986283377089	0.695339854723052	2.76187821795348	1.10975201508846	0	1.67679390985818	3.06881311095823	1.68574681148352	2.79203917946426	0.474098241141267	0	1.98227635876303	1.25098366556229	0	4.02023089631755	1.33808774165313	0	0	0	2.72785976775451	1.52707075075764	0	0	0	1.84062081971008	1.45801297945098	2.48823262329991	2.01253479560969	0.474098241141267	0	2.3114499561801	3.90060612187047	0	3.39806460084264	0	0	2.78785660634174	0	1.66765255403358	806rcbc195	CTGAAGGGCGAA	1	1	15
SAMPLE-36	0	1.07656401623537	0	0	2.11741057493261	0	0	3.45349590588688	0	3.34019927969209	0	0	0	2.29360432900534	2.12459420086388	0	2.58125649232403	0	0	1.80132846826684	0.730068113427941	0	2.81006182109752	0	0	1.83729155558309	0	0	3.94588978502248	0	0	0	0	2.44322525087636	0.63127836270448	0	0	0	0	1.03483335123958	2.18440129396108	2.55956373725464	0	0	2.64267105233322	4.19347520500067	0	1.77024706655779	0	0	3.07071820337448	2.73916699326795	1.66090713238291	806rcbc118	TATCTATCCTGC	0	0	15
SAMPLE-37	0	1.9765125566013	0	0	0	0	0	1.30949268131696	0	0	0	0	1.07093105866186	0	2.03207247169671	0	2.10400211402426	0	0	0	1.17627789802355	0	2.81908507847733	1.41129366377767	1.41129366377767	1.23454982323843	0	0	4.23429847302024	2.09281104376918	0	1.0292527171303	0	0	0.498977077383753	0	0	0	0	0	2.69032745576609	0	0	0	0	4.0248024310603	0	3.67216271098044	0	0	0.931556178905192	0	0	806rcbc131	ATCAGTACTAGG	0	0	16
SAMPLE-38	0	3.1947183012926	0	0	0	0	0	0.960542672407737	0	1.0125485569084	0	0	0	0	3.69599522531858	0	3.41198551943591	1.3169753309402	0	0	3.16677250342118	0	2.93831293652953	2.30025019457191	2.30025019457191	2.79493497628411	1.0125485569084	0	4.04109569662362	1.60741119700142	0	0	0	0	1.3169753309402	0	0	0	0	1.68688127044899	3.75578846836364	0	0	0	0	3.39748359356135	0	3.3714684260045	0	0	0.52156811163985	0.651756009720602	0.52156811163985	806rcbc179	TTGACCGCGGTT	1	1	16
SAMPLE-39	2.4748643792292	2.73908280667208	1.33557636184719	0	1.59343479279865	0	0	3.00255905524917	0	3.08954962981862	0	0.966721773149696	1.44486695949954	1.12689549984314	2.29724365423082	0	3.61780452750368	1.71270836286661	0	0	4.09463959880909	0	2.8269063971673	1.26851994377047	2.47184810063904	2.46881072667808	2.58800874863647	0	3.71150237692519	0.612612852051775	0	1.54508738019236	0	0	1.490675583326	0	0	0	1.475936458205	1.83988318198855	2.69793283521944	2.48083480834072	0.789860977990488	0	2.10732471403634	3.62890812608159	0	3.12425647585789	0	0	2.7885080449876	1.01263300743929	1.60472511625977	806rcbc171	TGGGTCCCACAT	1	1	17
SAMPLE-40	1.57596033523078	1.46298800339572	0	0	1.07130725389857	0	0	2.18791083148716	0	3.55169475581941	0	0	0	1.35350823659178	1.49410313221673	0	3.92937306503579	0.87335759919119	0	0	1.39314801202844	0	3.09760075693893	0.725401738768996	1.26138256009983	2.1998981425482	0	0	4.10500619335765	1.35350823659178	0	0	0	0	0	0	0	0	0	2.93747195162553	2.31366369896312	1.94089061342838	0	0	1.42947039073348	3.78136572687875	0	2.54989562069981	0	0	0.87335759919119	0.983514212569845	1.1443024250608	806rcbc115	TACCGAAGGTAT	0	0	17
SAMPLE-41	2.24297910128911	0.38489703069392	0	0	1.58871891588492	0	0	2.69157298360007	2.1020598477077	2.66561408544761	0	0	0	2.46418851734213	0	0	3.4856993846328	0	0	1.70068815712665	0	0	3.20284425287294	0	1.04069107952516	2.46312381509159	0	0	4.10088694646363	0	0	0	0	1.14095761059074	0	0	0	0.722477982344352	0	0.496798542872566	1.32148425102016	2.5977079584379	2.86229704812478	0	2.45451090413536	4.12973200506549	0	0.910099846963636	0	0	0	0.496798542872566	1.50050746375268	806rcbc130	GCCAACAACCAT	0	0	18
SAMPLE-42	0	2.6191800656757	0	0	0	0	0	1.1044868764107	0.470312298547224	1.22080495047581	0	0	0.894131151993042	2.35151905696083	0	0	3.98511906542283	0	0	0	1.90368647997443	0	3.73840105496598	0	1.62345579919265	2.2776013213329	0	0	4.0689282213948	0.59439236030231	0	0	0	2.01514985074701	1.50857435793011	0.690786352296122	0	0	0	0	0.690786352296122	0	0.945139970076579	0	0	3.53294766680043	0	3.37176745859497	0	0	0	2.57860457746374	1.49522021481285	806rcbc192	GTCGAATTTGCG	0	0	19
SAMPLE-43	2.60330882491687	1.22118243697113	0	0	2.45108006446336	0	0	3.32614483890012	0	2.65762212475909	0	0	0	2.38405553473456	0	0	3.50932222148924	0	0.793350644479403	0	0	0	2.20769207569655	0.557128394111216	0	2.07777400110559	0	0	3.80304036028303	0.793350644479403	0	0	0	0	0	0	0	0	0	0	1.25393237532533	1.22118243697113	0	0	2.93906071248355	4.2775244383003	0	1.98879764656025	0	0	0.876052147100392	2.90096219150475	1.54268956432001	806rcbc150	ACGCGAACTAAT	0	0	21
SAMPLE-44	0	2.09223504302298	1.28778488972698	0	0	0	0	1.04005850684803	0	2.68620133201791	0	0	1.78388611585865	0	1.06940516658499	0	2.28131877133793	0.937836386543629	0	0	3.60435952255351	0	2.82225934663207	0	1.72534964106457	0.518501564943668	1.06940516658499	0	4.08022019508514	1.47903000954651	0	0	0	0	2.21561991605413	0	0	0	0.403681590927874	0	0	0	0.403681590927874	0	0.60922518666636	0	0	4.20737242764755	0	0	2.13330834189353	0.60922518666636	1.4445481032465	806rcbc148	CGATGCTGTTGA	1	1	34
SAMPLE-45	3.31033845787215	1.47988590673215	0	0	0.874308922968684	0	0	2.98954554672806	0	4.347569760528	0	0	0	0	0	0	1.23597127644551	0.8065766965069	0	0	2.59609743175481	0	2.89836044174671	0	0	0	0	0	3.76628162719955	1.11034952882432	0	0	0	0	2.07892304560625	0	0	0	0	0	0	2.24588143273266	0	0	1.6458817880026	2.33258310641359	0	3.07565160932006	0	0	1.73221131866427	0	0	806rcbc178	CGGGTGTTTGCT	6	1	34
SAMPLE-46	0.569706319345937	1.79581786699055	0.664371253323116	0	0.742049306257629	0	0	1.18944774903763	0	4.27147762417063	0	0	0.915623623338326	0	0	0	3.70411134927656	0.448483781232054	0	0	2.21900526619225	0	1.60079925665176	0	1.07376829717156	0.664371253323116	0	0	3.84672997728667	1.46288723972516	0	0	0	0	1.07376829717156	0	0	0	0	0	1.40509979512732	0	0	0	0	2.97128780590259	0	3.31748405024677	0	0	0	0.569706319345937	0.742049306257629	806rcbc173	AACGTAGGCTCT	0	0	34
SAMPLE-47	2.31291113107122	0.999282077075072	0	0	1.2277287445149	0	0	2.99039503471705	2.147952895808	1.6811555080444	0	0	0	2.16879165076145	2.58179208999937	0	3.51339251417818	0.575666757193799	0	0	3.13779696957306	0	2.06853553274965	0	1.12835624392235	1.77119872051457	0.711488589884943	0	4.08453130740039	1.95493582104618	0	0	0	0	0.575666757193799	0	0	0	0.968130033198169	0	1.73407828628193	2.50550156081287	0	0	2.09585129902728	4.13613251920745	1.02834835580708	2.98421476922176	0	0	0.766209038342982	0.487578308118991	1.10542949880911	806rcbc191	CGATCTTCGAGC	0	0	36
SAMPLE-48	0	1.95604367269082	0	0	0.933910314223357	0	0	2.54727501731409	0.547707503753162	1.10734966180919	0	0	1.36025124061606	0.547707503753162	2.64704481097731	0	3.63229774045443	0.547707503753162	0	0	3.97361584675232	0	2.00575947819545	0.640740256182987	1.51903673112731	1.25195501721492	0.717317296710407	0	4.02240485949256	2.20508410565288	0	0	0	0	1.85114551327123	0	0	0	0.78239433215335	0	0	1.20889054665481	0	0	0.933910314223357	3.66454227586849	0.974581355253232	3.57535583328795	0	0	2.16940496301164	1.20889054665481	1.63505691970839	806rcbc194	GTGGTCATCGTA	1	1	36
SAMPLE-49	0	1.83565261597354	0	0	1.66272015121461	0	0	1.84090411796545	0	3.1882336026817	0	0	0.425944659017737	1.26713529268837	0.970002385850419	0	3.61706672195656	0.636792468776691	0	1.72149804577031	3.28686685502103	0	3.67750761314858	1.28627021338172	1.20408387227369	1.95500792407886	0	0	4.10354287253815	0.544040531950435	0	0	0	0.778119152414376	0	0	0	0	0	0	1.37103098355088	1.18085416383316	0	0	1.18085416383316	3.80496365227747	0	2.32252550162259	0	0	2.78777611200177	3.16187827203957	0	806rcbc174	AGTTGTAGTCCG	0	0	37
SAMPLE-50	1.83106952190305	2.30499589970846	0	0	1.72001877394789	0	0	2.99647690996149	0	3.16370283083051	0	0	0.852284384770775	1.68944103690773	1.33019683108577	0	3.57101999446768	0.608354519230457	0	1.19816896695741	3.66389335555635	1.69394331985379	2.99825866830517	1.04901076764054	1.02877141979682	2.22183962826364	1.29798174390623	0	4.02163045326305	0	0	0	0	0	0.550064892540673	0	0	0	0.402982908315926	0	2.89457043996932	2.38854928094713	1.04901076764054	1.12167759857498	2.63004823958248	3.77385345149961	0.608354519230457	3.56875523335912	0	0	1.7365713484654	0.820008317240447	1.44740363947643	806rcbc198	CGAGCTGTTACC	6	1	38
SAMPLE-51	2.67695145986576	1.77543959125103	0.74904615026785	2.12516804891734	2.63396184898993	0	0	3.82467871945116	0	1.89248886069367	0	0	1.71367393188557	0.980613539739148	1.41550011771947	0	2.99667858850868	0	0	1.70246832530071	3.765280195974	0	1.84612758464761	0	1.97561086666799	0.880084475196104	2.65787929603229	0	4.05222114203137	1.62160162757941	0	0	0	0	1.06219084011626	0	1.17123567132109	0	2.01048513595585	0	1.58599433622165	2.93148281800279	2.2803799350827	0	2.12301826430193	2.97872776850084	0	3.51062680065951	0	0	3.27286558929354	0.560492534987103	1.1901061737905	806rcbc136	GATGTGGTGTTA	1	1	38
SAMPLE-52	2.46587342810934	1.72664576113909	0	0	1.03981059202572	0	0	2.34754471113809	0.858837887339999	3.50960843290526	0	0	0	2.1155439893931	2.08552251443588	0	3.6162817340031	0	0.927883447090088	1.29391478059298	1.69508752131253	0.927883447090088	2.98041931814696	0	0.927883447090088	1.93277811125429	0	0	3.95489615478329	1.5976403879292	0	0	0	0	0	0	0	0	0	0	2.50476984584779	1.75606533489809	2.21509538966105	0	1.72664576113909	4.16163707339033	0	2.76984981209656	0	0	1.87909592062979	0.927883447090088	1.29391478059298	806rcbc137	CAGAAATGTGTC	0	0	38
SAMPLE-53	2.13742536797472	1.73309060155064	0	0	0	0	0	2.3103366689098	0	3.99896924614245	0	0	0.903711282015438	1.556992773738	0	0	3.53815105654961	0	0	0.477594702954625	1.90379109835837	0	2.55701050915379	2.14371967557825	1.86402312116175	2.00070288489633	0	0.477594702954625	4.01995086147381	1.07983210439001	0	0	0	0	1.86402312116175	0	0	0	0	0	1.17675394216216	0.477594702954625	0.477594702954625	1.14678734031355	0.602592584318249	3.68312569322862	0	3.37454082406001	0	0	2.3450990426669	3.18083538554795	1.6027522349362	806rcbc129	GACATTGTCACG	1	1	39
SAMPLE-54	2.90238919114481	0.589977967363989	0	0	1.98397964365597	0	0	3.69421039720263	0	3.43167609324019	0	0	0	1.07329494757156	2.05858723325474	0	3.48617878471165	0	0	1.97741838445315	1.64693094415131	0	2.79758782592147	0.663966282607117	0	1.48607757738946	0	0	3.8911475394872	0	0	0	0	0	0	0	0	0	0	0	2.08774831773324	2.26436575832052	0	2.00619352548936	2.38051609173908	3.93563964671986	0	2.07208545392688	0	0	3.64855430600905	0	1.36920600502756	806rcbc141	GGATCGTAATAC	0	0	39
SAMPLE-55	0.694798038642895	2.02421161674696	0	0	1.70245190981703	0.694798038642895	0	1.48630985531311	1.22553654808893	1.62836934625336	0	0	0	1.71915371760807	0	0	3.88177747765858	0.694798038642895	0	1.64810797673108	2.81498815670958	0	3.13308526894724	0.949604508387294	1.79420266922456	2.37681758832623	0	0	4.1844658725919	1.39292881892852	0	0	0	2.03225343634676	0	0	0	0	0	0	1.22553654808893	0	1.39292881892852	0	0	3.91390979725436	0	2.18514433623931	0	0	0	1.22553654808893	1.73523693435587	806rcbc163	CACCTTACCTTA	0	0	40
SAMPLE-56	3.57676208029399	2.4245390772081	0	0	2.06817684951574	0	0	3.22395413925386	2.59475361271273	1.96993844733882	0	0	1.84277665939905	2.0748878064094	0	0	3.36849781903398	0.666883120033757	0	2.85295287191894	3.34244149977697	1.39243960813025	1.88256622538177	0	2.27985609697905	2.11715811945491	2.18420657523354	0	3.76061980327522	0.345302014661259	0	0	0	1.87207099637509	1.81943161684736	0	0	1.32307598101759	0	0.767789180913009	1.54418912566634	2.93160052860382	3.83793844722134	0	2.56849367829971	3.71850173053962	0	3.29511799993652	0.918439554464493	0	2.57204100590273	0.666883120033757	2.28808560260342	806rcbc138	GTAGAGGTAGAG	1	1	40
SAMPLE-57	2.89858029309806	1.55475006831663	0	0	0	0	0	3.22762224849062	0	0.823137941245993	0	0	0.756816389733604	0.756816389733604	0	0	2.72636481317056	0	0	1.25441597648605	3.11917385742496	0	3.15784135518675	0.756816389733604	1.57699163854751	1.33714828449944	0	0	4.1316676152319	0.756816389733604	0	0	0	0	0.460138037148965	0	0	1.01806529800259	0.582906402643244	0	0.931447357171643	0.678508967580538	1.0556541025273	0	0	4.00853929769293	0	2.58923100217992	0	0	0.582906402643244	3.6126649538049	0.756816389733604	806rcbc144	TTAGAGCCATGC	0	0	42
SAMPLE-58	3.02268745790847	2.47481233477095	0	0	0	0	0	3.95263362836918	1.07410122142366	0.971006347161269	0	0	1.76822310231194	0	0	0	2.57627073450628	0	0	2.31670106180737	3.54154007492648	1.15735731090864	1.99451099472031	0.714086279127634	1.72941928573881	1.41601741127825	1.15735731090864	0	3.71897787419677	1.6638200304247	0	0	0	0	0.930377102114697	0	0	0.971006347161269	0	0	0.930377102114697	0	0.637657548934561	0	0	3.15849141365868	0	3.94631617849564	0	0	2.03315696918248	3.57677355902129	1.62258232166942	806rcbc180	GTGCAACCAATC	1	1	42
SAMPLE-59	1.50830924083934	1.44962771271109	0	0	1.77373754127045	0	0	1.47008198228582	0	2.78488593602926	0	0	0	0	0	0	3.61041185695353	0.705346352307451	0	0	0.705346352307451	0	3.66049057774829	0	0.891532995310017	0	0	0	4.19331809558221	1.02143276420596	0	0	0	0	0	0	0	0	0	0	1.79315649211071	0	0.961321596012348	0	0	3.86879173660353	0	3.20761471145008	0	0	1.35655632640703	0	1.52623089447231	806rcbc145	TGAACCCTATGG	0	0	44
SAMPLE-60	2.77895229443556	1.09008203104552	0	0	2.43054914551323	0	0	2.3544122423953	0	2.13564186263697	0	0	0	1.76691187117943	0	0	3.48141411201802	0	0	1.86652652960056	0	0	3.10956001427786	0	0.678366962685353	1.89868678214275	0	0	4.2128146864412	0.756668168980958	0	0	0	0	0	0	0	0	0	0	1.77385390253669	1.95209432395105	2.94632107109676	0	1.65588687543761	3.85467824106648	0	1.93816770431231	0	0	3.57299638061556	0.976751471108355	0.756668168980958	806rcbc123	ATGTGTGTAGAC	0	0	45
SAMPLE-61	3.14388294363601	2.04570338767451	0	0	1.34752833056699	0	0	2.67372179718706	0	0	0	0	1.50692359667716	1.1663486153735	0	0	3.77291036285754	0.680920608910056	0	2.12915896563312	2.54157453135241	0	3.52860427899048	0	1.96433027244474	3.04634014179053	0.934140525031082	0	4.10879137641893	2.41862652944401	0	0	0	2.32024160430448	1.75730166083167	0	0	0.401156273900076	0	0	0.800376148908804	1.57340535031724	2.79279908992791	0	1.8063237831509	3.78144801343995	0	2.9749904264013	0.515592328954332	0	1.45231547142236	0.606076614911765	0.970914096934556	806rcbc146	AGAGTCTTGCCA	0	0	46
