Acidaminococcaceae	Actinomycetaceae	Aerococcaceae	Aeromonadaceae	Alcaligenaceae	Anaeroplasmataceae	Bacillaceae	Bacteroidaceae	Bacteroidales_S24-7_group	Bifidobacteriaceae	Campylobacteraceae	Cardiobacteriaceae	Carnobacteriaceae	Christensenellaceae	Clostridiaceae_1	Clostridiales_vadinBB60_group	Coriobacteriaceae	Corynebacteriaceae	Defluviitaleaceae	Desulfovibrionaceae	Enterobacteriaceae	Enterococcaceae	Erysipelotrichaceae	Eubacteriaceae	Family_XI	Family_XIII	Fusobacteriaceae	Helicobacteraceae	Lachnospiraceae	Lactobacillaceae	Leptotrichiaceae	Leuconostocaceae	Listeriaceae	Methanobacteriaceae	Micrococcaceae	Mitochondria	Neisseriaceae	Oxalobacteraceae	Pasteurellaceae	Peptococcaceae	Peptostreptococcaceae	Porphyromonadaceae	Prevotellaceae	Rhodospirillaceae	Rikenellaceae	Ruminococcaceae	Staphylococcaceae	Streptococcaceae	Synergistaceae	Thermoanaerobacteraceae	Veillonellaceae	Verrucomicrobiaceae	others	Barcode.ID	Barcode.Sequence	Timepoint	prepost	PatientID
SAMPLE-1	8	43	0	0	873	0	0	4392	0	12	0	0	0	0	0	0	1249	0	0	143	419	74	199	10	6	23	114	0	6724	21	0	0	0	0	0	0	0	0	0	0	3255	1254	6175	0	1054	2300	0	1150	0	0	1191	909	9	806rcbc111	AGCTGTCAAGCT	1	1	1
SAMPLE-2	0	3	0	0	16	0	0	303	0	837	0	0	0	2	0	0	3628	0	0	47	0	0	4129	336	0	55	0	0	9387	0	0	2	0	0	0	0	0	0	0	0	424	151	155	0	295	10721	0	72	0	0	7228	11	4	806rcbc109	GCGACAATTACA	0	0	1
SAMPLE-3	2026	52	0	0	32	0	0	2397	0	106	0	0	0	26	118	0	650	0	0	134	284	19	550	4	8	202	8	0	5933	15	0	4	0	0	11	8	0	0	4	0	211	481	1173	0	1119	5821	0	2207	0	0	408	931	46	806rcbc103	GCGAGCGAAGTA	6	1	1
SAMPLE-4	188	21	0	0	12	0	0	819	0	63	0	0	0	462	22	0	888	0	4	43	144	87	649	124	4	257	0	0	1460	13	0	0	0	262	22	0	0	0	0	9	50	75	13	9	120	11690	0	652	6	2	52	6594	6465	806rcbc184	ACGATTCGAGTC	6	1	2
SAMPLE-5	206	5	0	0	11	0	0	2522	0	3324	0	0	0	815	214	3	3591	0	8	0	0	0	1512	442	2	556	0	0	6823	0	0	0	0	0	0	0	0	0	0	54	267	75	4	0	124	12769	0	95	0	7	0	148	405	806rcbc104	ATCTACCGAAGC	0	0	2
SAMPLE-6	890	0	0	0	12	0	0	12983	4	2611	11	0	0	1091	0	0	3014	0	4	507	853	74	698	431	109	2014	0	0	6918	11	0	0	0	0	0	0	0	0	0	83	13	1275	18	0	1453	11629	0	1355	0	0	9	86	287	806rcbc140	GGTTATTTGGCG	1	1	2
SAMPLE-7	802	107	0	0	389	0	0	3426	0	109	0	0	27	17	0	0	1790	5	0	523	3185	15	244	34	12	204	3	0	6947	0	0	0	0	0	21	0	0	0	0	0	0	1398	61	91	237	8326	0	2403	0	0	42	4617	219	806rcbc105	ACTTGGTGTAAG	1	1	3
SAMPLE-8	324	18	0	0	248	0	0	5559	0	7088	2	0	0	35	0	0	4300	0	0	0	896	0	288	19	31	139	15	0	7010	7	0	0	0	0	0	0	0	0	0	15	19	1155	130	121	615	5119	0	142	0	0	6	1037	81	806rcbc113	TACTCGGGAACT	0	0	3
SAMPLE-9	221	18	0	0	22	0	0	2160	0	1260	0	0	0	235	0	0	5807	0	0	383	3101	16	1702	20	27	610	0	0	5723	39	0	0	0	9	16	0	0	52	0	0	537	454	47	6	356	5548	0	1170	0	0	0	4167	56	806rcbc172	CACTGGTGCATA	6	1	3
SAMPLE-10	9	47	0	0	0	0	0	15	0	140	0	0	42	2	2061	0	5202	4	0	8	2247	43	17	11	23	5	15	0	6220	5	0	0	0	0	21	0	0	0	0	0	5	0	0	0	0	607	0	3136	0	0	154	1595	87	806rcbc133	ACCCAAGCGTTA	6	1	4
SAMPLE-11	102	133	0	0	88	0	0	4242	0	154	0	0	107	136	386	0	4501	12	0	24	276	0	583	22	66	366	68	0	9980	0	0	0	0	0	16	0	0	0	7	15	475	300	0	0	64	5158	0	4786	0	0	455	8221	32	806rcbc106	TCTTGGAGGTCA	1	1	4
SAMPLE-12	3	19	0	0	5	0	0	115	0	2197	0	0	0	9	0	0	2557	0	0	0	24	0	456	4	2	13	0	0	4436	6	0	0	0	0	0	0	0	0	0	5	19	0	0	0	0	1886	0	55	0	0	15	10	0	806rcbc127	GTTAAGCTGACC	0	0	4
SAMPLE-13	44	431	0	0	0	0	0	29	2	38	0	0	66	0	890	0	1507	2	0	23	11823	0	420	0	170	193	131	0	2166	0	0	0	0	0	58	0	0	0	0	0	65	7	10	0	0	1061	0	561	0	0	45	5	3	806rcbc168	TTAAGACAGTCG	1	1	5
SAMPLE-14	31	8	0	0	0	0	0	20	0	1305	0	0	0	198	20	2	1981	0	0	0	13	0	469	0	0	24	0	0	1921	10	0	0	0	290	0	0	0	0	0	49	43	14	8	0	21	2245	0	5	0	0	4	24	17	806rcbc116	CACTCATCATTC	0	0	5
SAMPLE-15	1406	8	0	0	61	0	0	5834	3	8	0	0	0	163	0	0	1571	0	0	69	41	0	1034	0	36	772	0	0	7494	9	59	3	0	0	0	0	0	0	0	0	6	1547	21	2	1449	8710	0	60	0	0	65	6071	62	806rcbc161	ACACGCGGTTTA	0	0	6
SAMPLE-16	2302	79	0	5	253	0	0	6363	0	157	0	2	36	47	90	0	184	2	0	18	3038	19	176	51	33	11	153	0	5830	17	4	0	0	0	10	0	0	0	118	0	14	1626	0	13	590	7516	0	3042	0	0	968	5277	2	806rcbc151	AGCTATGTATGG	6	1	6
SAMPLE-17	0	149	0	0	39	0	0	2492	5	76	0	2	75	21	1278	0	752	12	0	0	8379	0	1085	158	162	92	268	0	10393	7	0	0	0	0	37	0	0	0	28	0	242	966	68	0	335	10733	0	1890	24	0	2575	11056	21	806rcbc162	TGGCAAATCTAG	1	1	6
SAMPLE-18	413	34	0	0	76	0	0	218	12	2138	0	0	0	175	53	0	3643	0	8	0	20	0	1567	0	4	49	0	0	6664	3	0	0	0	320	6	0	0	0	96	4	215	114	427	0	19	12162	0	146	0	0	25	64	36	806rcbc107	TCACCTCCTTGT	0	0	7
SAMPLE-19	315	42	0	0	38	0	0	1303	0	4	0	0	25	74	988	0	1267	3	0	0	12625	0	878	0	55	138	17	0	7001	0	4	0	0	202	13	0	0	0	71	0	82	270	608	0	158	8070	0	1002	0	0	473	220	37	806rcbc149	ACGACTGCATAA	1	1	7
SAMPLE-20	13	245	0	0	0	0	0	44	0	9	0	0	22	293	2310	0	5935	0	0	0	9346	0	4042	0	50	557	0	0	7567	0	0	0	0	1311	37	0	0	0	3	2	147	7	36	0	20	8633	0	2459	0	0	36	5621	54	806rcbc197	ATTCGGTAGTGC	6	1	7
SAMPLE-21	2	0	0	0	0	0	0	3876	0	6	0	0	0	43	11	6	292	0	0	0	267	0	601	2	0	60	0	0	12412	0	0	0	0	0	0	0	0	0	0	0	183	3	0	0	14	5243	0	264	0	0	708	22	20	806rcbc117	GTATTTCGGACG	0	0	8
SAMPLE-22	0	29	0	0	0	0	0	8361	0	416	0	0	11	6	16	3	573	0	0	0	1021	16	133	0	6	17	12	0	14027	37	0	9	0	0	0	0	0	0	0	0	167	0	795	0	51	2963	0	7286	0	0	1036	3085	29	806rcbc156	TCGTGCGTGTTG	1	1	8
SAMPLE-23	0	182	0	0	0	0	0	14	0	334	0	0	11	87	655	0	6649	0	0	0	299	0	2356	6	52	215	0	0	12259	562	0	0	0	0	71	0	0	0	0	0	692	0	0	0	0	2291	0	2543	0	0	3	0	18	806rcbc126	GCTCTCCGTAGA	1	1	9
SAMPLE-24	1383	12	0	0	162	0	0	4964	0	29	0	0	0	150	0	0	1999	0	0	61	479	0	760	4	0	62	0	0	17231	2	0	0	0	0	0	0	0	0	0	34	18	350	501	0	749	6819	0	100	0	0	1336	17	205	806rcbc120	AGTAGCGGAAGA	0	0	9
SAMPLE-25	0	126	0	0	172	0	0	1293	0	4125	0	0	20	65	43	0	5618	9	0	0	3	0	142	4	18	352	0	0	20178	4	0	0	0	0	5	0	0	0	0	0	424	34	2	0	171	5960	6	3540	0	0	779	4	34	806rcbc119	TTGCCAAGAGTC	0	0	10
SAMPLE-26	4	378	0	0	479	0	8	2947	0	351	3	0	16	15	454	0	2669	9	0	145	4443	13	98	15	23	274	0	0	2257	37	0	0	5	0	7	6	0	0	0	0	1335	115	4	0	252	4194	11	3477	0	0	1557	8712	38	806rcbc164	TTAACCTTCCTG	6	1	10
SAMPLE-27	0	50	0	0	43	0	0	148	0	131	0	0	7	0	3	0	857	0	0	2	45	0	20	7	11	114	0	0	1168	2	0	0	0	0	4	0	0	0	0	0	42	5	0	0	35	456	0	275	0	0	60	0	0	806rcbc101	ACTCCTTGTGTT	1	1	10
SAMPLE-28	109	65	0	0	0	0	0	1178	0	1622	0	0	0	367	117	0	4789	0	6	0	14	0	672	222	2	477	0	0	5055	107	0	0	0	0	5	0	0	0	0	22	1050	44	0	0	54	9372	0	2156	0	0	57	395	179	806rcbc169	TCTGCACTGAGC	6	1	11
SAMPLE-29	0	216	0	0	0	0	0	550	0	14	0	0	32	67	40	0	3409	0	14	0	70	0	1367	5	7	692	0	0	5801	154	0	0	0	0	11	0	0	0	0	186	8	352	0	0	266	3752	0	3949	0	0	41	3801	63	806rcbc102	GTCACGGACATT	1	1	11
SAMPLE-30	6	25	0	0	4	0	0	36	0	1275	0	0	0	0	0	0	731	0	0	0	676	0	1974	6	7	21	0	0	8646	45	0	0	0	0	0	0	0	0	0	0	0	7	0	0	0	1784	0	263	0	0	56	62	3	806rcbc110	TCATGCTCCATT	0	0	11
SAMPLE-31	0	154	0	0	99	0	0	150	0	9448	0	0	6	17	10	0	1035	0	0	8	5174	0	1683	1547	234	97	0	0	16347	65	0	0	0	0	3	0	0	0	0	0	12	57	30	0	0	11848	0	1468	0	0	2949	391	30	806rcbc177	TTGATCCGGTAG	0	0	12
SAMPLE-32	0	279	0	0	368	0	0	1427	0	87	0	0	38	15	576	0	967	0	0	54	1859	0	610	665	69	291	50	0	8845	81	0	0	0	0	12	0	0	0	5	0	48	206	0	0	0	9996	0	3104	0	0	162	2843	27	806rcbc125	TTCTCTCGACAT	1	1	12
SAMPLE-33	146	51	4	0	6	0	0	119	0	5	0	0	5	29	141	0	2694	0	0	0	8	0	3001	2	16	216	0	0	17897	7	0	3	0	4	3	0	0	0	0	0	931	13	19	0	6	10795	0	400	0	0	179	35	4	806rcbc114	CGTGCTTAGGCT	0	0	13
SAMPLE-34	5	8	0	0	0	0	0	65	0	124	0	0	0	27	0	0	1462	0	5	3	7	0	363	3	21	161	0	0	2167	3	0	0	0	58	0	0	0	6	0	7	3	44	8	0	39	5372	0	26	0	0	681	24	5	806rcbc196	CGCTCACAGAAT	0	0	14
SAMPLE-35	0	655	0	0	154	0	0	2578	0	4994	0	0	13	371	15	4	583	12	0	47	1183	48	625	2	0	96	17	0	10586	21	0	0	0	539	33	0	0	0	69	28	310	103	2	0	206	8037	0	2526	0	0	619	0	46	806rcbc195	CTGAAGGGCGAA	1	1	15
SAMPLE-36	0	10	0	0	119	0	0	2599	0	2002	0	0	0	179	121	0	348	0	0	57	4	0	590	0	0	62	0	0	8078	0	0	0	0	253	3	0	0	0	0	9	139	331	0	0	401	14286	0	53	0	0	1076	501	41	806rcbc118	TATCTATCCTGC	0	0	15
SAMPLE-37	0	87	0	0	0	0	0	18	0	0	0	0	10	0	99	0	117	0	0	0	13	0	611	23	23	15	0	0	15918	114	0	9	0	0	2	0	0	0	0	0	454	0	0	0	0	9826	0	4362	0	0	7	0	0	806rcbc131	ATCAGTACTAGG	0	0	16
SAMPLE-38	0	1347	0	0	0	0	0	7	0	8	0	0	0	0	4274	0	2222	17	0	0	1263	0	746	171	171	536	8	0	9462	34	0	0	0	0	17	0	0	0	0	41	4905	0	0	0	0	2149	0	2024	0	0	2	3	2	806rcbc179	TTGACCGCGGTT	1	1	16
SAMPLE-39	288	530	20	0	37	0	0	973	0	1189	0	8	26	12	191	0	4015	49	0	0	12039	0	649	17	286	284	374	0	4982	3	0	33	0	0	29	0	0	0	28	66	482	292	5	0	123	4119	0	1288	0	0	594	9	38	806rcbc171	TGGGTCCCACAT	1	1	17
SAMPLE-40	17	13	0	0	5	0	0	71	0	1651	0	0	0	10	14	0	3940	3	0	0	11	0	580	2	8	73	0	0	5904	10	0	0	0	0	0	0	0	0	0	401	95	40	0	0	12	2802	0	164	0	0	3	4	6	806rcbc115	TACCGAAGGTAT	0	0	17
SAMPLE-41	244	2	0	0	53	0	0	688	176	648	0	0	0	407	0	0	4290	0	0	69	0	0	2236	0	14	406	0	0	17691	0	0	0	0	18	0	0	0	6	0	3	28	554	1020	0	398	18906	0	10	0	0	0	3	43	806rcbc130	GCCAACAACCAT	0	0	18
SAMPLE-42	0	425	0	0	0	0	0	12	2	16	0	0	7	229	0	0	9893	0	0	0	81	0	5605	0	42	193	0	0	11999	3	0	0	0	105	32	4	0	0	0	0	4	0	8	0	0	3492	0	2409	0	0	0	387	31	806rcbc192	GTCGAATTTGCG	0	0	19
SAMPLE-43	307	12	0	0	216	0	0	1625	0	348	0	0	0	185	0	0	2478	0	4	0	0	0	123	2	0	91	0	0	4874	4	0	0	0	0	0	0	0	0	0	0	13	12	0	0	666	14535	0	74	0	0	5	610	26	806rcbc150	ACGCGAACTAAT	0	0	21
SAMPLE-44	0	160	24	0	0	0	0	13	0	632	0	0	78	0	14	0	248	10	0	0	5244	0	865	0	68	3	14	0	15689	38	0	0	0	0	213	0	0	0	2	0	0	0	2	0	4	0	0	21026	0	0	176	4	35	806rcbc148	CGATGCTGTTGA	1	1	34
SAMPLE-45	1889	27	0	0	6	0	0	902	0	20590	0	0	0	0	0	0	15	5	0	0	364	0	731	0	0	0	0	0	5399	11	0	0	0	0	110	0	0	0	0	0	0	162	0	0	40	198	0	1100	0	0	49	0	0	806rcbc178	CGGGTGTTTGCT	6	1	34
SAMPLE-46	3	68	4	0	5	0	0	16	0	20661	0	0	8	0	0	0	5594	2	0	0	182	0	43	0	12	4	0	0	7769	31	0	0	0	0	12	0	0	0	0	0	27	0	0	0	0	1034	0	2296	0	0	0	3	5	806rcbc173	AACGTAGGCTCT	0	0	34
SAMPLE-47	296	13	0	0	23	0	0	1414	202	68	0	0	0	212	551	0	4718	4	0	0	1986	0	168	0	18	84	6	0	17579	129	0	0	0	0	4	0	0	0	12	0	77	462	0	0	179	19797	14	1394	0	0	7	3	17	806rcbc191	CGATCTTCGAGC	0	0	36
SAMPLE-48	0	106	0	0	9	0	0	417	3	14	0	0	26	3	525	0	5085	3	0	0	11160	0	119	4	38	20	5	0	12487	189	0	0	0	0	83	0	0	0	6	0	0	18	0	0	9	5477	10	4460	0	0	174	18	50	806rcbc194	GTGGTCATCGTA	1	1	36
SAMPLE-49	0	81	0	0	54	0	0	82	0	1850	0	0	2	21	10	0	4968	4	0	62	2322	0	5710	22	18	107	0	0	15231	3	0	0	0	6	0	0	0	0	0	0	27	17	0	0	17	7658	0	251	0	0	735	1741	0	806rcbc174	AGTTGTAGTCCG	0	0	37
SAMPLE-50	131	394	0	0	101	0	0	1944	0	2858	0	0	12	94	40	0	7304	6	0	29	9046	95	1952	20	19	325	37	0	20618	0	0	0	0	0	5	0	0	0	3	0	1537	478	20	24	835	11653	6	7266	0	0	105	11	53	806rcbc198	CGAGCTGTTACC	6	1	38
SAMPLE-51	720	89	7	201	652	0	0	10137	0	117	0	0	77	13	38	0	1505	0	0	75	8841	0	105	0	142	10	689	0	17119	62	0	0	0	0	16	0	21	0	154	0	57	1295	288	0	200	1444	0	4918	0	0	2844	4	22	806rcbc136	GATGTGGTGTTA	1	1	38
SAMPLE-52	234	42	0	0	8	0	0	178	5	2596	0	0	0	104	97	0	3319	0	6	15	39	6	767	0	6	68	0	0	7239	31	0	0	0	0	0	0	0	0	0	0	256	45	131	0	42	11653	0	472	0	0	60	6	15	806rcbc137	CAGAAATGTGTC	0	0	38
SAMPLE-53	136	53	0	0	0	0	0	203	0	9959	0	0	7	35	0	0	3446	0	0	2	79	0	359	138	72	99	0	2	10452	11	0	0	0	0	72	0	0	0	0	0	14	2	2	13	3	4812	0	2364	0	0	220	1513	39	806rcbc129	GACATTGTCACG	1	1	39
SAMPLE-54	1104	4	0	0	132	0	0	6843	0	3738	0	0	0	15	157	0	4238	0	0	130	60	0	867	5	0	41	0	0	10770	0	0	0	0	0	0	0	0	0	0	0	168	253	0	139	331	11932	0	162	0	0	6160	0	31	806rcbc141	GGATCGTAATAC	0	0	39
SAMPLE-55	2	53	0	0	25	2	0	15	8	21	0	0	0	26	0	0	3854	2	0	22	330	0	687	4	31	120	0	0	7738	12	0	0	0	54	0	0	0	0	0	0	8	0	12	0	0	4150	0	77	0	0	0	8	27	806rcbc163	CACCTTACCTTA	0	0	40
SAMPLE-56	6212	436	0	0	191	0	0	2756	646	152	0	0	113	194	0	0	3845	6	0	1172	3621	39	124	0	312	214	250	0	9487	2	0	0	0	121	107	0	0	33	0	8	56	1405	11336	0	608	8610	0	3247	12	0	613	6	318	806rcbc138	GTAGAGGTAGAG	1	1	40
SAMPLE-57	839	37	0	0	0	0	0	1791	0	6	0	0	5	5	0	0	564	0	0	18	1395	0	1525	5	39	22	0	0	14367	5	0	0	0	0	2	0	0	10	3	0	8	4	11	0	0	10820	0	411	0	0	3	4348	5	806rcbc144	TTAGAGCCATGC	0	0	42
SAMPLE-58	1260	356	0	0	0	0	0	10732	13	10	0	0	69	0	0	0	450	0	0	247	4164	16	117	5	63	30	16	0	6266	54	0	0	0	0	9	0	0	10	0	0	9	0	4	0	0	1723	0	10577	0	0	128	4516	49	806rcbc180	GTGCAACCAATC	1	1	42
SAMPLE-59	23	20	0	0	43	0	0	21	0	448	0	0	0	0	0	0	3002	3	0	0	3	0	3369	0	5	0	0	0	11492	7	0	0	0	0	0	0	0	0	0	0	45	0	6	0	0	5443	0	1187	0	0	16	0	24	806rcbc145	TGAACCCTATGG	0	0	44
SAMPLE-60	637	12	0	0	285	0	0	239	0	144	0	0	0	61	0	0	3215	0	0	77	0	0	1365	0	4	83	0	0	17326	5	0	0	0	0	0	0	0	0	0	0	62	94	937	0	47	7595	0	91	0	0	3970	9	5	806rcbc123	ATGTGTGTAGAC	0	0	45
SAMPLE-61	1833	145	0	0	28	0	0	620	0	0	0	0	41	18	0	0	7806	5	0	176	457	0	4447	0	120	1464	10	0	16918	344	0	0	0	274	74	0	0	2	0	0	7	48	816	0	83	7961	0	1242	3	0	36	4	11	806rcbc146	AGAGTCTTGCCA	0	0	46
