Actinomycetales	Aeromonadales	Anaeroplasmatales	Bacillales	Bacteroidales	Bifidobacteriales	Burkholderiales	Campylobacterales	Cardiobacteriales	Clostridiales	Coriobacteriales	Corynebacteriales	Desulfovibrionales	Enterobacteriales	Erysipelotrichales	Fusobacteriales	Lactobacillales	Methanobacteriales	Micrococcales	Mollicutes_RF9	Neisseriales	Pasteurellales	Rhodospirillales	Rickettsiales	Selenomonadales	Synergistales	Thermoanaerobacterales	Verrucomicrobiales	Victivallales	others	Barcode.ID	Barcode.Sequence	Timepoint	prepost	PatientID
SAMPLE-1	43	0	0	0	12875	12	873	0	0	12318	1249	0	143	419	199	114	1254	0	0	0	0	0	0	0	1199	0	0	909	0	0	806rcbc111	AGCTGTCAAGCT	1	1	1
SAMPLE-2	3	0	0	0	904	837	16	0	0	20927	3628	0	47	0	4129	0	74	0	0	0	0	0	0	0	7228	0	0	11	0	2	806rcbc109	GCGACAATTACA	0	0	1
SAMPLE-3	52	0	0	8	5170	106	32	0	0	12322	650	0	134	284	550	8	2251	0	11	0	0	4	0	8	2434	0	0	931	0	33	806rcbc103	GCGAGCGAAGTA	6	1	1
SAMPLE-4	21	0	0	4	1027	63	12	0	0	14242	888	0	43	144	649	0	752	262	22	6118	0	0	9	0	240	6	2	6594	0	183	806rcbc184	ACGATTCGAGTC	6	1	2
SAMPLE-5	5	0	0	0	2725	3324	11	0	0	22121	3591	0	0	0	1512	0	95	0	0	0	0	0	0	0	206	0	7	148	0	237	806rcbc104	ATCTACCGAAGC	0	0	2
SAMPLE-6	0	0	0	0	15733	2611	12	11	0	22441	3014	0	507	853	698	0	1440	0	0	0	0	0	0	0	899	0	0	86	0	138	806rcbc140	GGTTATTTGGCG	1	1	2
SAMPLE-7	107	0	0	9	5122	109	389	0	0	15533	1790	5	523	3185	244	3	2445	0	21	0	0	0	91	0	844	0	0	4617	0	217	806rcbc105	ACTTGGTGTAAG	1	1	3
SAMPLE-8	18	0	0	3	7459	7088	248	2	0	12399	4300	0	0	896	288	15	149	0	0	0	0	0	121	0	330	0	0	1037	0	66	806rcbc113	TACTCGGGAACT	0	0	3
SAMPLE-9	18	0	0	0	3017	1260	74	0	0	12718	5807	0	383	3101	1702	0	1229	9	16	0	0	0	6	0	221	0	0	4167	0	34	806rcbc172	CACTGGTGCATA	6	1	3
SAMPLE-10	47	0	0	23	15	140	0	0	0	8911	5202	4	8	2247	17	15	3243	0	21	0	0	0	0	0	163	0	0	1595	0	70	806rcbc133	ACCCAAGCGTTA	6	1	4
SAMPLE-11	133	0	0	63	4606	154	88	0	0	16541	4501	12	24	276	583	68	4893	0	16	0	0	7	0	0	557	0	0	8221	0	32	806rcbc106	TCTTGGAGGTCA	1	1	4
SAMPLE-12	19	0	0	0	115	2197	5	0	0	6374	2557	0	0	24	456	0	61	0	0	0	0	0	0	0	18	0	0	10	0	0	806rcbc127	GTTAAGCTGACC	0	0	4
SAMPLE-13	431	0	0	143	48	38	0	0	0	4402	1507	2	23	11823	420	131	627	0	58	0	0	0	0	0	89	0	0	5	0	3	806rcbc168	TTAAGACAGTCG	1	1	5
SAMPLE-14	8	0	0	0	65	1305	0	0	0	4502	1981	0	0	13	469	0	15	290	0	0	0	0	0	0	35	0	0	24	0	15	806rcbc116	CACTCATCATTC	0	0	5
SAMPLE-15	8	0	0	0	8854	8	61	0	0	17219	1571	0	69	41	1034	59	72	0	0	0	0	0	2	0	1471	0	0	6071	0	24	806rcbc161	ACACGCGGTTTA	0	0	6
SAMPLE-16	79	5	0	33	8579	157	253	0	2	13561	184	2	18	3038	176	157	3114	0	10	0	0	118	13	0	3270	0	0	5277	0	0	806rcbc151	AGCTATGTATGG	6	1	6
SAMPLE-17	149	0	0	63	3866	76	39	0	2	23032	752	12	0	8379	1085	268	1972	0	37	0	0	28	0	0	2575	24	0	11056	0	5	806rcbc162	TGGCAAATCTAG	1	1	6
SAMPLE-18	34	0	0	4	790	2138	76	0	0	19340	3643	0	0	20	1567	0	149	320	6	0	0	96	0	0	438	0	0	64	0	26	806rcbc107	TCACCTCCTTGT	0	0	7
SAMPLE-19	42	0	0	48	2339	4	38	0	0	16360	1267	3	0	12625	878	21	1030	202	13	0	0	71	0	0	788	0	0	220	0	34	806rcbc149	ACGACTGCATAA	1	1	7
SAMPLE-20	245	0	0	34	107	9	0	0	0	19525	5935	0	0	9346	4042	0	2485	1311	37	0	0	3	0	0	49	0	0	5621	0	50	806rcbc197	ATTCGGTAGTGC	6	1	7
SAMPLE-21	0	0	0	0	3893	6	0	0	0	17975	292	0	0	267	601	0	264	0	0	0	0	0	0	0	710	0	0	22	0	5	806rcbc117	GTATTTCGGACG	0	0	8
SAMPLE-22	29	0	0	6	9207	416	0	0	0	17216	573	0	0	1021	133	12	7363	0	0	0	0	0	0	0	1036	0	0	3085	0	8	806rcbc156	TCGTGCGTGTTG	1	1	8
SAMPLE-23	182	0	0	37	14	334	0	0	0	16220	6649	0	0	299	2356	0	3134	0	71	0	0	0	0	0	3	0	0	0	0	0	806rcbc126	GCTCTCCGTAGA	1	1	9
SAMPLE-24	12	0	0	0	6564	29	162	0	0	24493	1999	0	61	479	760	0	102	0	0	0	0	0	0	0	2719	0	0	17	0	30	806rcbc120	AGTAGCGGAAGA	0	0	9
SAMPLE-25	126	0	0	15	1500	4125	172	0	0	27035	5618	9	0	3	142	0	3569	0	5	0	0	0	0	0	779	0	0	4	0	29	806rcbc119	TTGCCAAGAGTC	0	0	10
SAMPLE-26	378	0	0	33	3318	351	479	3	0	8558	2669	9	145	4443	98	0	3559	0	7	0	0	0	0	6	1561	0	0	8712	0	22	806rcbc164	TTAACCTTCCTG	6	1	10
SAMPLE-27	50	0	0	11	188	131	43	0	0	1790	857	0	2	45	20	0	284	0	4	0	0	0	0	0	60	0	0	0	0	0	806rcbc101	ACTCCTTGTGTT	1	1	10
SAMPLE-28	65	0	0	2	1276	1622	0	0	0	16752	4789	0	0	14	672	0	2263	0	5	0	0	0	0	0	166	0	0	395	0	115	806rcbc169	TCTGCACTGAGC	6	1	11
SAMPLE-29	216	0	0	7	1168	14	0	0	0	10568	3409	0	0	70	1367	0	4151	0	11	0	0	0	0	0	41	0	0	3801	0	44	806rcbc102	GTCACGGACATT	1	1	11
SAMPLE-30	25	0	0	4	43	1275	4	0	0	10460	731	0	0	676	1974	0	311	0	0	0	0	0	0	0	62	0	0	62	0	0	806rcbc110	TCATGCTCCATT	0	0	11
SAMPLE-31	154	0	0	2	237	9448	99	0	0	30110	1035	0	8	5174	1683	0	1539	0	3	0	0	0	0	0	2949	0	0	391	0	30	806rcbc177	TTGATCCGGTAG	0	0	12
SAMPLE-32	279	0	0	62	1633	87	368	0	0	20443	967	0	54	1859	610	50	3223	0	12	0	0	5	0	0	162	0	0	2843	0	27	806rcbc125	TTCTCTCGACAT	1	1	12
SAMPLE-33	51	0	0	16	157	5	6	0	0	30015	2694	0	0	8	3001	0	419	4	3	0	0	0	0	0	325	0	0	35	0	0	806rcbc114	CGTGCTTAGGCT	0	0	13
SAMPLE-34	8	0	0	0	156	124	6	0	0	7769	1462	0	3	7	363	0	29	58	0	0	0	0	0	0	686	0	0	24	0	2	806rcbc196	CGCTCACAGAAT	0	0	14
SAMPLE-35	655	0	0	0	2889	4994	154	0	0	19469	583	12	47	1183	625	17	2608	539	33	0	0	69	0	0	619	0	0	0	0	26	806rcbc195	CTGAAGGGCGAA	1	1	15
SAMPLE-36	10	0	0	0	3331	2002	119	0	0	22893	348	0	57	4	590	0	53	253	3	0	0	0	0	0	1076	0	0	501	0	22	806rcbc118	TATCTATCCTGC	0	0	15
SAMPLE-37	87	0	0	11	18	0	0	0	0	26347	117	0	0	13	611	0	4495	0	2	0	0	0	0	0	7	0	0	0	0	0	806rcbc131	ATCAGTACTAGG	0	0	16
SAMPLE-38	1347	0	0	38	7	8	0	0	0	21671	2222	17	0	1263	746	8	2058	0	17	0	0	0	0	0	2	0	0	3	0	2	806rcbc179	TTGACCGCGGTT	1	1	16
SAMPLE-39	530	0	0	217	1393	1189	37	0	8	10222	4015	49	0	12039	649	374	1378	0	29	0	0	28	0	0	882	0	0	9	0	30	806rcbc171	TGGGTCCCACAT	1	1	17
SAMPLE-40	13	0	0	3	123	1651	5	0	0	9306	3940	3	0	11	580	0	174	0	0	0	0	0	0	0	20	0	0	4	0	6	806rcbc115	TACCGAAGGTAT	0	0	17
SAMPLE-41	2	0	0	0	2845	648	59	0	0	37464	4290	0	69	0	2236	0	10	18	0	0	0	0	0	0	244	0	0	3	0	25	806rcbc130	GCCAACAACCAT	0	0	18
SAMPLE-42	425	0	0	35	22	16	0	0	0	15926	9893	0	0	81	5605	0	2419	105	32	0	0	0	0	4	0	0	0	387	0	29	806rcbc192	GTCGAATTTGCG	0	0	19
SAMPLE-43	12	0	0	0	2303	348	216	0	0	19716	2478	0	0	0	123	0	78	0	0	0	0	0	0	0	312	0	0	610	0	14	806rcbc150	ACGCGAACTAAT	0	0	21
SAMPLE-44	160	0	0	68	19	632	0	0	0	15706	248	10	0	5244	865	14	21189	0	213	0	0	2	0	0	176	0	0	4	0	12	806rcbc148	CGATGCTGTTGA	1	1	34
SAMPLE-45	27	0	0	0	1104	20590	6	0	0	5597	15	5	0	364	731	0	1111	0	110	0	0	0	0	0	1938	0	0	0	0	0	806rcbc178	CGGGTGTTTGCT	6	1	34
SAMPLE-46	68	0	0	7	16	20661	5	0	0	8839	5594	2	0	182	43	0	2344	0	12	0	0	0	0	0	3	0	0	3	0	0	806rcbc173	AACGTAGGCTCT	0	0	34
SAMPLE-47	13	0	0	14	2257	68	23	0	0	38329	4718	4	0	1986	168	6	1529	0	4	0	0	12	0	0	303	0	0	3	0	0	806rcbc191	CGATCTTCGAGC	0	0	36
SAMPLE-48	106	0	0	48	447	14	9	0	0	18516	5085	3	0	11160	119	5	4723	0	83	0	0	6	0	0	174	0	0	18	0	2	806rcbc194	GTGGTCATCGTA	1	1	36
SAMPLE-49	81	0	0	0	116	1850	54	0	0	23094	4968	4	62	2322	5710	0	256	6	0	0	0	0	0	0	735	0	0	1741	0	0	806rcbc174	AGTTGTAGTCCG	0	0	37
SAMPLE-50	394	0	0	18	3277	2858	101	0	0	34300	7304	6	29	9046	1952	37	7395	0	5	0	0	3	24	0	236	0	0	11	0	25	806rcbc198	CGAGCTGTTACC	6	1	38
SAMPLE-51	89	201	0	142	11920	117	652	0	0	18681	1505	0	75	8841	105	689	5081	0	16	0	21	154	0	0	3564	0	0	4	0	5	806rcbc136	GATGTGGTGTTA	1	1	38
SAMPLE-52	42	0	0	6	401	2596	8	0	0	19423	3319	0	15	39	767	0	509	0	0	0	0	0	0	0	294	0	0	6	0	15	806rcbc137	CAGAAATGTGTC	0	0	38
SAMPLE-53	53	0	0	10	210	9959	0	2	0	15621	3446	0	2	79	359	0	2402	0	72	0	0	0	13	0	356	0	0	1513	0	10	806rcbc129	GACATTGTCACG	1	1	39
SAMPLE-54	4	0	0	0	7427	3738	132	0	0	23093	4238	0	130	60	867	0	162	0	0	0	0	0	139	0	7264	0	0	0	0	26	806rcbc141	GGATCGTAATAC	0	0	39
SAMPLE-55	53	0	2	12	35	21	25	0	0	12065	3854	2	22	330	687	0	89	54	0	0	0	0	0	0	2	0	0	8	0	27	806rcbc163	CACCTTACCTTA	0	0	40
SAMPLE-56	436	0	0	50	16942	152	224	0	0	18895	3845	6	1172	3621	124	250	3410	121	107	0	0	0	0	0	6825	12	0	6	9	45	806rcbc138	GTAGAGGTAGAG	1	1	40
SAMPLE-57	37	0	0	11	1806	6	10	0	0	25255	564	0	18	1395	1525	0	421	0	2	0	0	3	0	0	842	0	0	4348	0	5	806rcbc144	TTAGAGCCATGC	0	0	42
SAMPLE-58	356	0	0	63	10749	10	10	0	0	8033	450	0	247	4164	117	16	10750	0	9	0	0	0	0	0	1388	0	0	4516	0	15	806rcbc180	GTGCAACCAATC	1	1	42
SAMPLE-59	20	0	0	2	27	448	43	0	0	16983	3002	3	0	3	3369	0	1210	0	0	0	0	0	0	0	39	0	0	0	0	8	806rcbc145	TGAACCCTATGG	0	0	44
SAMPLE-60	12	0	0	4	1317	144	285	0	0	25127	3215	0	77	0	1365	0	96	0	0	0	0	0	0	0	4607	0	0	9	0	5	806rcbc123	ATGTGTGTAGAC	0	0	45
SAMPLE-61	145	0	0	51	1567	0	30	0	0	26437	7806	5	176	457	4447	10	1631	274	74	0	0	0	0	0	1869	3	0	4	0	7	806rcbc146	AGAGTCTTGCCA	0	0	46
