Actinomycetales	Aeromonadales	Anaeroplasmatales	Bacillales	Bacteroidales	Bifidobacteriales	Burkholderiales	Campylobacterales	Cardiobacteriales	Clostridiales	Coriobacteriales	Corynebacteriales	Desulfovibrionales	Enterobacteriales	Erysipelotrichales	Fusobacteriales	Lactobacillales	Methanobacteriales	Micrococcales	Mollicutes_RF9	Neisseriales	Pasteurellales	Rhodospirillales	Rickettsiales	Selenomonadales	Synergistales	Thermoanaerobacterales	Verrucomicrobiales	Victivallales	others	Barcode.ID	Barcode.Sequence	Timepoint	prepost	PatientID
SAMPLE-1	1.6764838481358	0	0	0	4.14354866836609	1.14520707705677	2.97524448010924	0	0	4.12434304148156	3.13065424342865	0	2.19190702774495	2.6569421485549	2.33463773579312	2.09418544484069	3.13238805979965	0	0	0	0	0	0	0	3.11292439338079	0	0	2.99277591056454	0	0	806rcbc111	AGCTGTCAAGCT	1	1	1
SAMPLE-2	0.569479636498459	0	0	0	2.91269252216347	2.87929205271044	1.18915754214936	0	0	4.27672270980842	3.51579250038807	0	1.63819781480599	0	3.57195403573271	0	1.83167111655383	0	0	0	0	0	0	0	3.81507740155983	0	0	1.03901647783248	0	0.448284008373235	806rcbc109	GCGACAATTACA	0	0	1
SAMPLE-3	1.85789162431759	0	0	1.07690781742761	3.84937398452923	2.16411436689281	1.65078709926747	0	0	4.22652898645768	2.94922379219406	0	2.26529095053586	2.5902574255717	2.87676187199933	1.07690781742761	3.48833859438059	0	1.20517328239504	0	0	0.810815230287569	0	1.07690781742761	3.52227306654357	0	0	3.10511275272376	0	1.66385686916351	806rcbc103	GCGAGCGAAGTA	6	1	1
SAMPLE-4	1.37902712879339	0	0	0.729853383160997	3.05023034801017	1.84388004781346	1.14938897134971	0	0	4.19187177403254	2.98713342177731	0	1.68089213760992	2.19938814604121	2.85112986346982	0	2.91501919342118	2.45808930179214	1.39840495759512	3.82494733796672	0	0	1.03459384163548	0	2.42013787577183	0.878105563457257	0.50300751635047	3.85748211678066	0	2.3028915464645	806rcbc184	ACGATTCGAGTC	6	1	2
SAMPLE-5	0.780072569119755	0	0	0	3.4378295729308	3.52409552296757	1.0812942299881	0	0	4.34712884868584	3.5576402527069	0	0	0	3.1821419734746	0	1.98455185467437	0	0	0	0	0	0	0	2.31826380623473	0	0.905107148903579	2.17547540682191	0	2.37887186414598	806rcbc104	ATCTACCGAAGC	0	0	2
SAMPLE-6	0	0	0	0	4.04517315321351	3.26536513782448	0.976010394527257	0.94237427355627	0	4.19939211677535	3.3276699932164	0	2.55454339117195	2.77999286086513	2.69305927727478	0	3.00711241203418	0	0	0	0	0	0	0	2.80276663997711	0	0	1.78992335696179	0	1.99264133121381	806rcbc140	GGTTATTTGGCG	1	1	2
SAMPLE-7	2.01989727937072	0	0	0.987730072609286	3.69587216359572	2.02786387440071	2.5774452743455	0	0	4.1776292937877	3.23944843105251	0.766802190431475	2.70570285911331	3.48959522541189	2.37556780037405	0.591859276625688	3.37480722386714	0	1.32939786138882	0	0	0	1.95028368194665	0	2.91321822498223	0	0	3.65080203240442	0	2.32486522117853	806rcbc105	ACTTGGTGTAAG	1	1	3
SAMPLE-8	1.27568023474677	0	0	0.599628705774263	3.86949451589654	3.84734068762421	2.39296767865945	0.47496078512595	0	4.09017719965772	3.63032545163822	0	0	2.94955132575161	2.45766436400169	1.20107874303791	2.17286822301969	0	0	0	0	0	2.0831417775955	0	2.51659308508263	0	0	3.01295574301174	0	1.82287866226559	806rcbc113	TACTCGGGAACT	0	0	3
SAMPLE-9	1.28361068379292	0	0	0	3.48484288177179	3.10583638055291	1.88011865655519	0	0	4.10957790133295	3.76915106502587	0	2.58944328999829	3.49676548552726	3.236336990659	0	3.09502630358175	1.00461551449978	1.23527443429071	0	0	0	0.849494876840065	0	2.35145535705752	0	0	3.62505182243972	0	1.54904777713017	806rcbc172	CACTGGTGCATA	6	1	3
SAMPLE-10	1.87460722504987	0	0	1.5702441467861	1.39079402673141	2.34476959872392	0	0	0	4.14663111444269	3.91289711030917	0.862799170054508	1.13297668674676	3.54839962704093	1.44306905839222	1.39079402673141	3.70770577076355	0	1.53184681294941	0	0	0	0	0	2.41055203109188	0	0	3.39960745852011	0	2.04569860489795	806rcbc133	ACCCAAGCGTTA	6	1	4
SAMPLE-11	2.05089117113447	0	0	1.73065092117841	3.58659598791294	2.11403319688154	1.87349297811987	0	0	4.14175262835474	3.57658369184842	1.0435211843516	1.32444889129097	2.36594265028437	2.68971628781184	1.76322514069918	3.61284067073809	0	1.15852507612456	0	0	0.836631617217462	0	0	2.66994434397063	0	0	3.83814722624678	0	1.44421322715983	806rcbc106	TCTTGGAGGTCA	1	1	4
SAMPLE-12	1.74695002396702	0	0	0	2.52235280921752	3.80224708179569	1.18841475903871	0	0	4.26478420822534	3.86813811208489	0	0	1.84678434353585	3.11964322835177	0	2.24813804117468	0	0	0	0	0	0	0	1.72390079095401	0	0	1.47514027166725	0	0	806rcbc127	GTTAAGCTGACC	0	0	4
SAMPLE-13	2.87304581315389	0	0	2.39507464490947	1.92442705124872	1.824327393995	0	0	0	3.88169347050076	3.4162662242573	0.649288542791905	1.61049546613695	4.31073532512839	2.86183306950721	2.35717005774439	3.03565418999188	0	2.00572178618529	0	0	0	0	0	2.19018831537487	0	0	0.98447379761413	0	0.791640591695232	806rcbc168	TTAAGACAGTCG	1	1	5
SAMPLE-14	1.5096706420007	0	0	0	2.40755325445246	3.70863288545373	0	0	0	4.24636753647069	3.88987786065798	0	0	1.71532720578614	3.26434661066797	0	1.7763583673334	3.05571758676758	0	0	0	0	0	0	2.14016191762002	0	0	1.97774419220562	0	1.7763583673334	806rcbc116	CACTCATCATTC	0	0	5
SAMPLE-15	0.928120823070801	0	0	0	3.91769181261673	0.928120823070801	1.7633835524863	0	0	4.20653471965034	3.16697175921349	0	1.81603369542704	1.59447527334542	2.98546964161725	1.74915950587761	1.83424061227799	0	0	0	0	0	0.457678756098596	0	3.13842834661281	0	0	3.75383658994207	0	1.3696591034396	806rcbc161	ACACGCGGTTTA	0	0	6
SAMPLE-16	1.85695110961665	0.739546304185144	0	1.48617290733805	3.88673753789735	2.1522139086715	2.35827252059117	0	0.446516714979964	4.08557187656068	2.22068298152794	0.446516714979964	1.2345885208843	3.43599144022228	2.20149657241058	2.1522139086715	3.44671839483303	0	0.999101891691373	0	0	2.0292060929203	1.10288437501987	0	3.46794013219093	0	0	3.67572323535698	0	0	806rcbc151	AGCTATGTATGG	6	1	6
SAMPLE-17	1.98356986346239	0	0	1.61583795339286	3.39328709062531	1.69550807285196	1.41398706089702	0	0.357749414067312	4.16821075246033	2.68296957996839	0.938227440086776	0	3.72912284735816	2.8419048040664	2.23651100756978	3.10110076256606	0	1.39202818836172	0	0	1.27660824159173	0	0	3.21689049853633	1.21347314202777	0	3.84950906594603	0	0.622997612224647	806rcbc162	TGGCAAATCTAG	1	1	6
SAMPLE-18	1.61758852511354	0	0	0.760387956836675	2.97359403739483	3.40568356320185	1.96109489390518	0	0	4.36198052251512	3.63706452964063	0	0	1.39441158517833	3.27080703680083	0	2.25113415391132	2.581794253073	0.910587757415483	0	0	2.06156183175702	0	0	2.71781180002006	0	0	1.88735098005525	0	1.5042944395342	806rcbc107	TCACCTCCTTGT	0	0	7
SAMPLE-19	1.61146237571184	0	0	1.66812418423834	3.34668187718535	0.681029500738616	1.56911364735034	0	0	4.19126739025447	3.08059363309893	0.585262745138242	0	4.07872374897618	2.92147133010661	1.3209293243344	2.99073723952045	2.2850661406964	1.12523383294601	0	0	1.83510988727139	0	0	2.87456246084547	0	0	2.32195309484364	0	1.52218479419094	806rcbc149	ACGACTGCATAA	1	1	7
SAMPLE-20	2.23683337893099	0	0	1.39449442273775	1.88028572682882	0.863361297033989	0	0	0	4.13576539154851	3.61866781362725	0	0	3.81583472607453	3.45189233752907	0	3.24071853973068	2.96321820559678	1.42979516210573	0	0	0.491391865032014	0	0	1.54781798145761	0	0	3.59506651316652	0	1.55634580136877	806rcbc197	ATTCGGTAGTGC	6	1	7
SAMPLE-21	0	0	0	0	3.74307225600878	0.97901377109756	0	0	0	4.40739527072587	2.61913735297263	0	0	2.5803634926505	2.93209194240619	0	2.57546912790745	0	0	0	0	0	0	0	3.00439785415542	0	0	1.50880300934265	0	0.908854091331591	806rcbc117	GTATTTCGGACG	0	0	8
SAMPLE-22	1.40998696764994	0	0	0.786112575525322	3.89452849376699	2.55067214811052	0	0	0	4.16631684644775	2.6893984549799	0	0	2.93987978302027	2.05802314473208	1.05007058217591	3.79747901721369	0	0	0	0	0	0	0	2.94620657463926	0	0	3.4197753788453	0	0.892910762242326	806rcbc156	TCGTGCGTGTTG	1	1	8
SAMPLE-23	2.32881378587582	0	0	1.64485410963531	1.23865020279957	2.59156089980889	0	0	0	4.2767745148695	3.88951304968012	0	0	2.54361580459119	3.43903405115896	0	3.56291852427014	0	1.92317358368082	0	0	0	0	0	0.653021124634484	0	0	0	0	0	806rcbc126	GCTCTCCGTAGA	1	1	9
SAMPLE-24	1.07749216863764	0	0	0	3.77760953414655	1.43887074250442	2.17281058999512	0	0	4.34942989059794	3.26141922617327	0	1.75342894897644	2.64169616191349	2.84180766467489	0	1.97360839554024	0	0	0	0	0	0	0	3.3949526426421	0	0	1.21794022910423	0	1.45306670155315	806rcbc120	AGTAGCGGAAGA	0	0	9
SAMPLE-25	2.00346446917864	0	0	1.10995164251543	3.07522061309403	3.51432082708979	2.13746858303401	0	0	4.33071062734125	3.64844329406909	0.91001771369869	0	0.528429739159224	2.05489653912088	0	3.45146412268534	0	0.695512647081848	0	0	0	0	0	2.79100471509606	0	0	0.619957194820721	0	1.37966896873377	806rcbc119	TTGCCAAGAGTC	0	0	10
SAMPLE-26	2.57625963817398	0	0	1.52916339323675	3.51862208896147	2.5441635758767	2.67886033733664	0.600271808054635	0	3.93003742162001	3.42412627313122	0.997853294841906	2.1619833578378	3.64538870434246	1.99327347580539	0	3.54906478572775	0	0.901003056038523	0	0	0	0	0.843053799884918	3.19129667691558	0	0	3.93778210433683	0	1.35944595884519	806rcbc164	TTAACCTTCCTG	6	1	10
SAMPLE-27	2.69120588032618	0	0	2.03675239193849	3.26574415756856	3.108960072956	2.62584825650772	0	0	4.24422849829284	3.9243832320632	0	1.31398581263194	2.6455466294142	2.29459023557157	0	3.4448250263932	0	1.60434759499078	0	0	0	0	0	2.77023972522134	0	0	0	0	0	806rcbc101	ACTCCTTGTGTT	1	1	10
SAMPLE-28	1.90267268209356	0	0	0.535092135463723	3.19042204131667	3.29456245586955	0	0	0	4.30837916005498	3.76461066302902	0	0	1.25524441656472	2.91219235207405	0	3.43913372517457	0	0.849481623959303	0	0	0	0	0	2.30654859679232	0	0	2.68179281364163	0	2.14808815106865	806rcbc169	TCTGCACTGAGC	6	1	11
SAMPLE-29	2.47384492254559	0	0	1.02599142749474	3.2056435163433	1.30607084230375	0	0	0	4.16195282246579	3.67064982860393	0	0	1.98752085053351	3.27392981091536	0	3.75615898802791	0	1.20715024673534	0	0	0	0	0	1.75835660289262	0	0	3.71791113544662	0	1.78850858436997	806rcbc102	GTCACGGACATT	1	1	11
SAMPLE-30	1.74549240076735	0	0	0.988762159858139	1.97774190063595	3.44534385514814	0.988762159858139	0	0	4.35922856428697	3.20386694215733	0	0	3.16991835758137	3.63512566203884	0	2.83307657995971	0	0	0	0	0	0	0	2.13526197935217	0	0	2.13526197935217	0	0	806rcbc110	TCATGCTCCATT	0	0	11
SAMPLE-31	2.00227254161637	0	0	0.360314617926933	2.18798451610195	3.7858209155718	1.81278056227667	0	0	4.28914298315555	2.82599905774296	0	0.790293001736732	3.52436619645273	3.03689313402182	0	2.99808496258275	0	0.468168812961155	0	0	0	0	0	3.28031249912113	0	0	2.40430196570058	0	1.30937286894196	806rcbc177	TTGATCCGGTAG	0	0	12
SAMPLE-32	2.46630918418623	0	0	1.81826034394217	3.2324588452967	1.96348728972981	2.58619371493238	0	0	4.32978325105225	3.00507423445038	0	1.75923904814675	3.28872113528054	2.80522873942027	1.72641970456364	3.52760750037174	0	1.13171313922512	0	0	0.794224978449055	0	0	2.23129055440109	0	0	3.47314128017273	0	1.46570440728856	806rcbc125	TTCTCTCGACAT	1	1	12
SAMPLE-33	1.68505886206168	0	0	1.2007972943804	2.16729048437667	0.75200171835991	0.818177743727374	0	0	4.44578007686998	3.39899709053652	0	0	0.9262923949752	3.44584776621837	0	2.59175342841646	0.673897249338419	0.578597412614958	0	0	0	0	0	2.48174421732468	0	0	1.52563743753312	0	0	806rcbc114	CGTGCTTAGGCT	0	0	13
SAMPLE-34	1.42405546682874	0	0	0	2.69828693137263	2.59880846499432	1.30453543412919	0	0	4.39467412905032	3.66933188038717	0	1.02452845193087	1.36839410508601	3.06457258378145	0	1.9713535255313	2.27005777056961	0	0	0	0	0	0	3.34081380450826	0	0	1.89013216815489	0	0.868489354962863	806rcbc196	CGCTCACAGAAT	0	0	14
SAMPLE-35	2.81236835205016	0	0	0	3.45635697471107	3.69399395865995	2.18581870901269	0	0	4.28482373797673	2.76187821795348	1.10975201508846	1.67679390985818	3.06881311095823	2.79203917946426	1.25098366556229	3.4119333812298	2.72785976775451	1.52707075075764	0	0	1.84062081971008	0	0	2.78785660634174	0	0	0	0	1.42699040489482	806rcbc195	CTGAAGGGCGAA	1	1	15
SAMPLE-36	1.07656401623537	0	0	0	3.56123066662933	3.34019927969209	2.11741057493261	0	0	4.39825680913004	2.58125649232403	0	1.80132846826684	0.730068113427941	2.81006182109752	0	1.77024706655779	2.44322525087636	0.63127836270448	0	0	0	0	0	3.07071820337448	0	0	2.73916699326795	0	1.39865828669377	806rcbc118	TATCTATCCTGC	0	0	15
SAMPLE-37	1.9765125566013	0	0	1.10895752308587	1.30949268131696	0	0	0	0	4.45313112098932	2.10400211402426	0	0	1.17627789802355	2.81908507847733	0	3.6852040121444	0	0.498977077383753	0	0	0	0	0	0.931556178905192	0	0	0	0	0	806rcbc131	ATCAGTACTAGG	0	0	16
SAMPLE-38	3.1947183012926	0	0	1.65458552234681	0.960542672407737	1.0125485569084	0	0	0	4.40096944629007	3.41198551943591	1.3169753309402	0	3.16677250342118	2.93831293652953	1.0125485569084	3.37870023790413	0	1.3169753309402	0	0	0	0	0	0.52156811163985	0	0	0.651756009720602	0	0.52156811163985	806rcbc179	TTGACCGCGGTT	1	1	16
SAMPLE-39	2.73908280667208	0	0	2.35240748684613	3.1582671381378	3.08954962981862	1.59343479279865	0	0.966721773149696	4.02359126910275	3.61780452750368	1.71270836286661	0	4.09463959880909	2.8269063971673	2.58800874863647	3.15356852294084	0	1.490675583326	0	0	1.475936458205	0	0	2.95995934273603	0	0	1.01263300743929	0	1.50493086645472	806rcbc171	TGGGTCCCACAT	1	1	17
SAMPLE-40	1.46298800339572	0	0	0.87335759919119	2.42536479325846	3.55169475581941	1.07130725389857	0	0	4.30261042592212	3.92937306503579	0.87335759919119	0	1.39314801202844	3.09760075693893	0	2.57553065302899	0	0	0	0	0	0	0	1.64480847794984	0	0	0.983514212569845	0	1.1443024250608	806rcbc115	TACCGAAGGTAT	0	0	17
SAMPLE-41	0.38489703069392	0	0	0	3.30739644644602	2.66561408544761	1.63415497997031	0	0	4.42673053832413	3.4856993846328	0	1.70068815712665	0	3.20284425287294	0	0.910099846963636	1.14095761059074	0	0	0	0	0	0	2.24297910128911	0	0	0.496798542872566	0	1.27474502737872	806rcbc130	GCCAACAACCAT	0	0	18
SAMPLE-42	2.6191800656757	0	0	1.54633673522568	1.3519248385266	1.22080495047581	0	0	0	4.19188074221615	3.98511906542283	0	0	1.90368647997443	3.73840105496598	0	3.37356576421	2.01514985074701	1.50857435793011	0	0	0	0	0.690786352296122	0	0	0	2.57860457746374	0	1.46721309100087	806rcbc192	GTCGAATTTGCG	0	0	19
SAMPLE-43	1.22118243697113	0	0	0	3.47752507153666	2.65762212475909	2.45108006446336	0	0	4.40992218805514	3.50932222148924	0	0	0	2.20769207569655	0	2.0114319347204	0	0	0	0	0	0	0	2.61030769345443	0	0	2.90096219150475	0	1.28438489195466	806rcbc150	ACGCGAACTAAT	0	0	21
SAMPLE-44	2.09223504302298	0	0	1.72534964106457	1.19217901102497	2.68620133201791	0	0	0	4.08069048611655	2.28131877133793	0.937836386543629	0	3.60435952255351	2.82225934663207	1.06940516658499	4.2107260212932	0	2.21561991605413	0	0	0.403681590927874	0	0	2.13330834189353	0	0	0.60922518666636	0	1.00858415707406	806rcbc148	CGATGCTGTTGA	1	1	34
SAMPLE-45	1.47988590673215	0	0	0	3.07722667557686	4.347569760528	0.874308922968684	0	0	3.78192097507136	1.23597127644551	0.8065766965069	0	2.59609743175481	2.89836044174671	0	3.0799693705588	0	2.07892304560625	0	0	0	0	0	3.32145489874938	0	0	0	0	0	806rcbc178	CGGGTGTTTGCT	6	1	34
SAMPLE-46	1.79581786699055	0	0	0.865101705224122	1.18944774903763	4.27147762417063	0.742049306257629	0	0	3.90276050737555	3.70411134927656	0.448483781232054	0	2.21900526619225	1.60079925665176	0	3.32646549246465	0	1.07376829717156	0	0	0	0	0	0.569706319345937	0	0	0.569706319345937	0	0	806rcbc173	AACGTAGGCTCT	0	0	34
SAMPLE-47	0.999282077075072	0	0	1.02834835580708	3.19331131418883	1.6811555080444	1.2277287445149	0	0	4.42304527673811	3.51339251417818	0.575666757193799	0	3.13779696957306	2.06853553274965	0.711488589884943	3.02431971452414	0	0.575666757193799	0	0	0.968130033198169	0	0	2.3230132335477	0	0	0.487578308118991	0	0	806rcbc191	CGATCTTCGAGC	0	0	36
SAMPLE-48	1.95604367269082	0	0	1.61774724206302	2.57736381234586	1.10734966180919	0.933910314223357	0	0	4.19348048963026	3.63229774045443	0.547707503753162	0	3.97361584675232	2.00575947819545	0.717317296710407	3.60023249076658	0	1.85114551327123	0	0	0.78239433215335	0	0	2.16940496301164	0	0	1.20889054665481	0	0.429154923687625	806rcbc194	GTGGTCATCGTA	1	1	36
SAMPLE-49	1.83565261597354	0	0	0	1.98970824218464	3.1882336026817	1.66272015121461	0	0	4.28430196561172	3.61706672195656	0.636792468776691	1.72149804577031	3.28686685502103	3.67750761314858	0	2.33105138007471	0.778119152414376	0	0	0	0	0	0	2.78777611200177	0	0	3.16187827203957	0	0	806rcbc174	AGTTGTAGTCCG	0	0	37
SAMPLE-50	2.30499589970846	0	0	1.00754255935622	3.22307895537793	3.16370283083051	1.72001877394789	0	0	4.24266155572686	3.57101999446768	0.608354519230457	1.19816896695741	3.66389335555635	2.99825866830517	1.29798174390623	3.57639597322034	0	0.550064892540673	0	0	0.402982908315926	1.12167759857498	0	2.08384986403401	0	0	0.820008317240447	0	1.13809167394773	806rcbc198	CGAGCTGTTACC	6	1	38
SAMPLE-51	1.77543959125103	2.12516804891734	0	1.97561086666799	3.89503580121238	1.89248886069367	2.63396184898993	0	0	4.09013965061604	2.99667858850868	0	1.70246832530071	3.765280195974	1.84612758464761	2.65787929603229	3.52478317186395	0	1.06219084011626	0	1.17123567132109	2.01048513595585	0	0	3.37082688278532	0	0	0.560492534987103	0	0.632824182470495	806rcbc136	GATGTGGTGTTA	1	1	38
SAMPLE-52	1.72664576113909	0	0	0.927883447090088	2.69918279810912	3.50960843290526	1.03981059202572	0	0	4.38350366258759	3.6162817340031	0	1.29391478059298	1.69508752131253	2.98041931814696	0	2.80257196117306	0	0	0	0	0	0	0	2.56470160527926	0	0	0.927883447090088	0	1.29391478059298	806rcbc137	CAGAAATGTGTC	0	0	38
SAMPLE-53	1.73309060155064	0	0	1.0420381685014	2.324989072148	3.99896924614245	0	0.477594702954625	0	4.19444656700294	3.53815105654961	0	0.477594702954625	1.90379109835837	2.55701050915379	0	3.38146345453348	0	1.86402312116175	0	0	0	1.14678734031355	0	2.55337620793935	0	0	3.18083538554795	0	1.0420381685014	806rcbc129	GACATTGTCACG	1	1	39
SAMPLE-54	0.589977967363989	0	0	0	3.72977037591352	3.43167609324019	1.98397964365597	0	0	4.22238241428173	3.48617878471165	0	1.97741838445315	1.64693094415131	2.79758782592147	0	2.07208545392688	0	0	0	0	0	2.00619352548936	0	3.72013460313027	0	0	0	0	1.29637230574012	806rcbc141	GGATCGTAATAC	0	0	39
SAMPLE-55	2.02421161674696	0	0.694798038642895	1.39292881892852	1.8461110755815	1.62836934625336	1.70245190981703	0	0	4.37735428793396	3.88177747765858	0.694798038642895	1.64810797673108	2.81498815670958	3.13308526894724	0	2.24766112563216	2.03225343634676	0	0	0	0	0	0	0.694798038642895	0	0	1.22553654808893	0	1.73523693435587	806rcbc163	CACCTTACCTTA	0	0	40
SAMPLE-56	2.4245390772081	0	0	1.49645715221994	4.01242241631705	1.96993844733882	2.13684429951049	0	0	4.05980027282581	3.36849781903398	0.666883120033757	2.85295287191894	3.34244149977697	1.88256622538177	2.18420657523354	3.31637956814553	1.87207099637509	1.81943161684736	0	0	0	0	0	3.61762295217157	0.918439554464493	0	0.666883120033757	0.810625906247453	1.45223539762555	806rcbc138	GTAGAGGTAGAG	1	1	40
SAMPLE-57	1.55475006831663	0	0	1.0556541025273	3.2312422729368	0.823137941245993	1.01806529800259	0	0	4.37663506943306	2.72636481317056	0	1.25441597648605	3.11917385742496	3.15784135518675	0	2.59964471268858	0	0.460138037148965	0	0	0.582906402643244	0	0	2.90012846936584	0	0	3.6126649538049	0	0.756816389733604	806rcbc144	TTAGAGCCATGC	0	0	42
SAMPLE-58	2.47481233477095	0	0	1.72941928573881	3.95332095065456	0.971006347161269	0.971006347161269	0	0	3.82684700433417	2.57627073450628	0	2.31670106180737	3.54154007492648	1.99451099472031	1.15735731090864	3.95336134752204	0	0.930377102114697	0	0	0	0	0	3.06466836554057	0	0	3.57677355902129	0	1.13133920751735	806rcbc180	GTGCAACCAATC	1	1	42
SAMPLE-59	1.44962771271109	0	0	0.570071963472798	1.57594451842584	2.78488593602926	1.77373754127045	0	0	4.36292789065881	3.61041185695353	0.705346352307451	0	0.705346352307451	3.66049057774829	0	3.21594424464291	0	0	0	0	0	0	0	1.73208301291736	0	0	0	0	1.07422644998077	806rcbc145	TGAACCCTATGG	0	0	44
SAMPLE-60	1.09008203104552	0	0	0.678366962685353	3.09402543697072	2.13564186263697	2.43054914551323	0	0	4.37424875607228	3.48141411201802	0	1.86652652960056	0	3.10956001427786	0	1.96113666201078	0	0	0	0	0	0	0	3.63760803454771	0	0	0.976751471108355	0	0.756668168980958	806rcbc123	ATGTGTGTAGAC	0	0	45
SAMPLE-61	2.04570338767451	0	0	1.59905152383941	3.07584240339342	0	1.37618893957078	0	0	4.30264235437454	3.77291036285754	0.680920608910056	2.12915896563312	2.54157453135241	3.52860427899048	0.934140525031082	3.09321305679723	2.32024160430448	1.75730166083167	0	0	0	0	0	3.15232377388332	0.515592328954332	0	0.606076614911765	0	0.800376148908804	806rcbc146	AGAGTCTTGCCA	0	0	46
