Actinobacteria	Bacteroidetes	Cyanobacteria	Euryarchaeota	Firmicutes	Fusobacteria	Lentisphaerae	Proteobacteria	Saccharibacteria	Synergistetes	Tenericutes	Verrucomicrobia	others	Barcode.ID	Barcode.Sequence	Timepoint	prepost	PatientID
SAMPLE-1	1304	12875	0	0	14970	114	0	1435	0	0	0	909	0	806rcbc111	AGCTGTCAAGCT	1	1	1
SAMPLE-2	4468	904	0	0	32358	0	0	63	0	0	0	11	2	806rcbc109	GCGACAATTACA	0	0	1
SAMPLE-3	832	5170	14	0	17565	8	0	462	0	0	0	931	6	806rcbc103	GCGAGCGAAGTA	6	1	1
SAMPLE-4	997	1027	0	262	16063	0	0	208	0	6	6118	6594	6	806rcbc184	ACGATTCGAGTC	6	1	2
SAMPLE-5	6920	2725	0	0	24167	0	0	11	0	0	0	148	11	806rcbc104	ATCTACCGAAGC	0	0	2
SAMPLE-6	5625	15733	0	0	25610	0	0	1383	0	0	0	86	6	806rcbc140	GGTTATTTGGCG	1	1	2
SAMPLE-7	2233	5122	0	0	19075	3	0	4188	0	0	0	4617	16	806rcbc105	ACTTGGTGTAAG	1	1	3
SAMPLE-8	11444	7459	0	0	13169	15	0	1267	0	0	0	1037	28	806rcbc113	TACTCGGGAACT	0	0	3
SAMPLE-9	7109	3023	0	9	15870	0	0	3564	0	0	0	4167	20	806rcbc172	CACTGGTGCATA	6	1	3
SAMPLE-10	5484	15	0	0	12357	15	0	2255	0	0	0	1595	0	806rcbc133	ACCCAAGCGTTA	6	1	4
SAMPLE-11	4848	4606	0	0	22637	68	0	395	0	0	0	8221	0	806rcbc106	TCTTGGAGGTCA	1	1	4
SAMPLE-12	4773	115	0	0	6909	0	0	29	0	0	0	10	0	806rcbc127	GTTAAGCTGACC	0	0	4
SAMPLE-13	2036	48	3	0	5681	131	0	11846	0	0	0	5	0	806rcbc168	TTAAGACAGTCG	1	1	5
SAMPLE-14	3299	65	0	290	5021	0	0	13	0	0	0	24	10	806rcbc116	CACTCATCATTC	0	0	5
SAMPLE-15	1587	8854	0	0	19796	59	0	173	0	0	0	6071	24	806rcbc161	ACACGCGGTTTA	0	0	6
SAMPLE-16	432	8579	0	0	20154	157	0	3447	0	0	0	5277	0	806rcbc151	AGCTATGTATGG	6	1	6
SAMPLE-17	1026	3866	0	0	28727	268	0	8448	5	24	0	11056	0	806rcbc162	TGGCAAATCTAG	1	1	6
SAMPLE-18	5838	790	0	320	21498	0	0	192	0	0	0	64	9	806rcbc107	TCACCTCCTTGT	0	0	7
SAMPLE-19	1350	2339	0	202	19110	21	0	12734	0	0	0	220	7	806rcbc149	ACGACTGCATAA	1	1	7
SAMPLE-20	6258	107	0	1311	26138	0	0	9349	0	0	0	5621	15	806rcbc197	ATTCGGTAGTGC	6	1	7
SAMPLE-21	298	3893	5	0	19550	0	0	267	0	0	0	22	0	806rcbc117	GTATTTCGGACG	0	0	8
SAMPLE-22	1018	9207	8	0	25754	12	0	1021	0	0	0	3085	0	806rcbc156	TCGTGCGTGTTG	1	1	8
SAMPLE-23	7236	14	0	0	21750	0	0	299	0	0	0	0	0	806rcbc126	GCTCTCCGTAGA	1	1	9
SAMPLE-24	2040	6564	0	0	28079	0	0	702	0	0	0	17	25	806rcbc120	AGTAGCGGAAGA	0	0	9
SAMPLE-25	9883	1500	0	0	31569	0	0	175	0	0	0	4	0	806rcbc119	TTGCCAAGAGTC	0	0	10
SAMPLE-26	3414	3318	5	0	13824	0	0	5076	2	0	0	8712	0	806rcbc164	TTAACCTTCCTG	6	1	10
SAMPLE-27	1042	188	0	0	2165	0	0	90	0	0	0	0	0	806rcbc101	ACTCCTTGTGTT	1	1	10
SAMPLE-28	6507	1276	0	0	19937	0	0	14	0	0	0	395	7	806rcbc169	TCTGCACTGAGC	6	1	11
SAMPLE-29	3650	1168	0	0	16166	0	0	70	3	0	0	3801	9	806rcbc102	GTCACGGACATT	1	1	11
SAMPLE-30	2031	43	0	0	12811	0	0	680	0	0	0	62	0	806rcbc110	TCATGCTCCATT	0	0	11
SAMPLE-31	10640	237	0	0	36283	0	0	5281	14	0	0	391	16	806rcbc177	TTGATCCGGTAG	0	0	12
SAMPLE-32	1345	1633	0	0	24500	50	0	2286	0	0	0	2843	27	806rcbc125	TTCTCTCGACAT	1	1	12
SAMPLE-33	2753	157	0	4	33776	0	0	14	0	0	0	35	0	806rcbc114	CGTGCTTAGGCT	0	0	13
SAMPLE-34	1594	156	0	58	8849	0	0	16	0	0	0	24	0	806rcbc196	CGCTCACAGAAT	0	0	14
SAMPLE-35	6277	2889	0	539	23338	17	0	1453	0	0	0	0	9	806rcbc195	CTGAAGGGCGAA	1	1	15
SAMPLE-36	2363	3331	0	253	24620	0	0	180	0	0	0	501	14	806rcbc118	TATCTATCCTGC	0	0	15
SAMPLE-37	206	18	0	0	31471	0	0	13	0	0	0	0	0	806rcbc131	ATCAGTACTAGG	0	0	16
SAMPLE-38	3611	7	0	0	24515	8	0	1263	2	0	0	3	0	806rcbc179	TTGACCGCGGTT	1	1	16
SAMPLE-39	5812	1393	0	0	13348	374	0	12112	25	0	0	9	5	806rcbc171	TGGGTCCCACAT	1	1	17
SAMPLE-40	5607	123	0	0	10083	0	0	16	0	0	0	4	6	806rcbc115	TACCGAAGGTAT	0	0	17
SAMPLE-41	4951	2845	0	18	39956	0	0	128	0	0	0	3	12	806rcbc130	GCCAACAACCAT	0	0	18
SAMPLE-42	10374	22	21	105	23985	0	0	85	0	0	0	387	0	806rcbc192	GTCGAATTTGCG	0	0	19
SAMPLE-43	2838	2303	0	0	20229	0	0	216	2	0	0	610	12	806rcbc150	ACGCGAACTAAT	0	0	21
SAMPLE-44	1263	19	0	0	38004	14	0	5246	12	0	0	4	0	806rcbc148	CGATGCTGTTGA	1	1	34
SAMPLE-45	20747	1104	0	0	9377	0	0	370	0	0	0	0	0	806rcbc178	CGGGTGTTTGCT	6	1	34
SAMPLE-46	26337	16	0	0	11236	0	0	187	0	0	0	3	0	806rcbc173	AACGTAGGCTCT	0	0	34
SAMPLE-47	4807	2257	0	0	40343	6	0	2021	0	0	0	3	0	806rcbc191	CGATCTTCGAGC	0	0	36
SAMPLE-48	5291	447	0	0	23580	5	0	11175	0	0	0	18	2	806rcbc194	GTGGTCATCGTA	1	1	36
SAMPLE-49	6903	116	0	6	29795	0	0	2438	0	0	0	1741	0	806rcbc174	AGTTGTAGTCCG	0	0	37
SAMPLE-50	10583	3277	0	0	43910	37	0	9203	0	0	0	11	0	806rcbc198	CGAGCTGTTACC	6	1	38
SAMPLE-51	1727	11920	0	0	27573	689	0	9944	2	0	0	4	3	806rcbc136	GATGTGGTGTTA	1	1	38
SAMPLE-52	5966	401	0	0	20999	0	0	62	0	0	0	6	6	806rcbc137	CAGAAATGTGTC	0	0	38
SAMPLE-53	13530	210	0	0	18748	0	0	96	0	0	0	1513	10	806rcbc129	GACATTGTCACG	1	1	39
SAMPLE-54	7980	7427	0	0	31386	0	0	461	0	0	0	0	26	806rcbc141	GGATCGTAATAC	0	0	39
SAMPLE-55	3953	35	4	54	12855	0	0	377	0	0	2	8	0	806rcbc163	CACCTTACCTTA	0	0	40
SAMPLE-56	4563	16942	0	121	29304	250	9	5017	7	12	0	9	18	806rcbc138	GTAGAGGTAGAG	1	1	40
SAMPLE-57	609	1806	0	0	28054	0	0	1426	2	0	0	4348	3	806rcbc144	TTAGAGCCATGC	0	0	42
SAMPLE-58	825	10749	0	0	20351	16	0	4421	15	0	0	4516	0	806rcbc180	GTGCAACCAATC	1	1	42
SAMPLE-59	3473	27	0	0	21603	0	0	46	8	0	0	0	0	806rcbc145	TGAACCCTATGG	0	0	44
SAMPLE-60	3371	1317	0	0	31199	0	0	362	0	0	0	9	5	806rcbc123	ATGTGTGTAGAC	0	0	45
SAMPLE-61	8030	1567	0	274	34435	10	0	663	5	3	0	4	2	806rcbc146	AGAGTCTTGCCA	0	0	46
