Actinobacteria	Bacteroidetes	Cyanobacteria	Euryarchaeota	Firmicutes	Fusobacteria	Lentisphaerae	Proteobacteria	Saccharibacteria	Synergistetes	Tenericutes	Verrucomicrobia	others	Barcode.ID	Barcode.Sequence	Timepoint	prepost	PatientID
SAMPLE-1	3.14935583762885	4.14354866836609	0	0	4.20901886382636	2.09418544484069	0	3.19090203723321	0	0	0	2.99277591056454	0	806rcbc111	AGCTGTCAAGCT	1	1	1
SAMPLE-2	3.60621348810424	2.91269252216347	0	0	4.46598929341842	0	0	1.76289580004398	0	0	0	1.03901647783248	0.448284008373235	806rcbc109	GCGACAATTACA	0	0	1
SAMPLE-3	3.05632696412257	3.84937398452923	1.30406716889294	0	4.3804882414428	1.07690781742761	0	2.80115101012204	0	0	0	3.10511275272376	0.963929904870228	806rcbc103	GCGAGCGAAGTA	6	1	1
SAMPLE-4	3.03736670329435	3.05023034801017	0	2.45808930179214	4.24412428678544	0	0	2.35824383595771	0	0.878105563457257	3.82494733796672	3.85748211678066	0.878105563457257	806rcbc184	ACGATTCGAGTC	6	1	2
SAMPLE-5	3.84247308173652	3.4378295729308	0	0	4.38554518175716	0	0	1.0812942299881	0	0	0	2.17547540682191	1.0812942299881	806rcbc104	ATCTACCGAAGC	0	0	2
SAMPLE-6	3.59855446378514	4.04517315321351	0	0	4.2567560939823	0	0	2.98958970828101	0	0	0	1.78992335696179	0.718609547057966	806rcbc140	GGTTATTTGGCG	1	1	2
SAMPLE-7	3.33543447812226	3.69587216359572	0	0	4.2668331409209	0.591859276625688	0	3.60845877181096	0	0	0	3.65080203240442	1.21760924593102	806rcbc105	ACTTGGTGTAAG	1	1	3
SAMPLE-8	4.05537133342249	3.86949451589654	0	0	4.11634127410094	1.20107874303791	0	3.09987707391334	0	0	0	3.01295574301174	1.45926554210755	806rcbc113	TACTCGGGAACT	0	0	3
SAMPLE-9	3.85699421871246	3.48570543651115	0	1.00461551449978	4.20572930521459	0	0	3.5571834395633	0	0	0	3.62505182243972	1.32710193250138	806rcbc172	CACTGGTGCATA	6	1	3
SAMPLE-10	3.93582147933621	1.39079402673141	0	0	4.28860907653564	1.39079402673141	0	3.54994266499452	0	0	0	3.39960745852011	0	806rcbc133	ACCCAAGCGTTA	6	1	4
SAMPLE-11	3.60882904922587	3.58659598791294	0	0	4.27800129911927	1.76322514069918	0	2.52106693096986	0	0	0	3.83814722624678	0	806rcbc106	TCTTGGAGGTCA	1	1	4
SAMPLE-12	4.13917150109917	2.52235280921752	0	0	4.29978551392551	0	0	1.92790424498009	0	0	0	1.47514027166725	0	806rcbc127	GTTAAGCTGACC	0	0	4
SAMPLE-13	3.54688747254591	1.92442705124872	0.791640591695232	0	3.99245538221135	2.35717005774439	0	4.31157932261883	0	0	0	0.98447379761413	0	806rcbc168	TTAAGACAGTCG	1	1	5
SAMPLE-14	4.11135334174978	2.40755325445246	0	3.05571758676758	4.2937497215511	0	0	1.71532720578614	0	0	0	1.97774419220562	1.60388608013487	806rcbc116	CACTCATCATTC	0	0	5
SAMPLE-15	3.17136951996184	3.91769181261673	0	0	4.26710072486605	1.74915950587761	0	2.21122444493386	0	0	0	3.75383658994207	1.3696591034396	806rcbc161	ACACGCGGTTTA	0	0	6
SAMPLE-16	2.58984638517529	3.88673753789735	0	0	4.2576297483325	2.1522139086715	0	3.49082607052324	0	0	0	3.67572323535698	0	806rcbc151	AGCTATGTATGG	6	1	6
SAMPLE-17	2.81765836567418	3.39328709062531	0	0	4.26416353004368	2.23651100756978	0	3.73268390028118	0.622997612224647	1.21347314202777	0	3.84950906594603	0	806rcbc162	TGGCAAATCTAG	1	1	6
SAMPLE-18	3.8418317865592	2.97359403739483	0	2.581794253073	4.40792021697707	0	0	2.36070324286473	0	0	0	1.88735098005525	1.06851868273588	806rcbc107	TCACCTCCTTGT	0	0	7
SAMPLE-19	3.10812860749954	3.34668187718535	0	2.2850661406964	4.25874075459522	1.3209293243344	0	4.0824568975986	0	0	0	2.32195309484364	0.883428934465321	806rcbc149	ACGACTGCATAA	1	1	7
SAMPLE-20	3.64167725545463	1.88028572682882	0	2.96321820559678	4.26243866460602	0	0	3.81597408787063	0	0	0	3.59506651316652	1.0607385053897	806rcbc197	ATTCGGTAGTGC	6	1	7
SAMPLE-21	2.62794974754889	3.74307225600878	0.908854091331591	0	4.44387176402428	0	0	2.5803634926505	0	0	0	1.50880300934265	0	806rcbc117	GTATTTCGGACG	0	0	8
SAMPLE-22	2.9386032887985	3.89452849376699	0.892910762242326	0	4.34121946670588	1.05007058217591	0	2.93987978302027	0	0	0	3.4197753788453	0	806rcbc156	TCGTGCGTGTTG	1	1	8
SAMPLE-23	3.92625073118065	1.23865020279957	0	0	4.40417708809017	0	0	2.54361580459119	0	0	0	0	0	806rcbc126	GCTCTCCGTAGA	1	1	9
SAMPLE-24	3.2702318184544	3.77760953414655	0	0	4.40876706419796	0	0	2.80738283112012	0	0	0	1.21794022910423	1.37693490880362	806rcbc120	AGTAGCGGAAGA	0	0	9
SAMPLE-25	3.8937082438828	3.07522061309403	0	0	4.39804216584716	0	0	2.14492393152512	0	0	0	0.619957194820721	0	806rcbc119	TTGCCAAGAGTC	0	0	10
SAMPLE-26	3.53100552430688	3.51862208896147	0.776163924826013	0	4.13827942874803	0	0	3.70322175035624	0.475532122457377	0	0	3.93778210433683	0	806rcbc164	TTAACCTTCCTG	6	1	10
SAMPLE-27	4.00926095191448	3.26574415756856	0	0	4.32682908122108	0	0	2.94608520446062	0	0	0	0	0	806rcbc101	ACTCCTTGTGTT	1	1	10
SAMPLE-28	3.89772691640023	3.19042204131667	0	0	4.38396889378542	0	0	1.25524441656472	0	0	0	2.68179281364163	0.977696995139689	806rcbc169	TCTGCACTGAGC	6	1	11
SAMPLE-29	3.70030957027699	3.2056435163433	0	0	4.34655223453457	0	0	1.98752085053351	0.709394003409051	0	0	3.71791113544662	1.12594906675082	806rcbc102	GTCACGGACATT	1	1	11
SAMPLE-30	3.64748561336816	1.97774190063595	0	0	4.44727642575199	0	0	3.17247884684661	0	0	0	2.13526197935217	0	806rcbc110	TCATGCTCCATT	0	0	11
SAMPLE-31	3.83741469179348	2.18798451610195	0	0	4.3701316194757	0	0	3.5332533087655	1.00206643761067	0	0	2.40430196570058	1.0546215834091	806rcbc177	TTGATCCGGTAG	0	0	12
SAMPLE-32	3.14824939120776	3.2324588452967	0	0	4.40840134134126	1.72641970456364	0	3.37847624278776	0	0	0	3.47314128017273	1.46570440728856	806rcbc125	TTCTCTCGACAT	1	1	12
SAMPLE-33	3.40840199660292	2.16729048437667	0	0.673897249338419	4.49704821253406	0	0	1.14669528430424	0	0	0	1.52563743753312	0	806rcbc114	CGTGCTTAGGCT	0	0	13
SAMPLE-34	3.70686512391812	2.69828693137263	0	2.27005777056961	4.45120106650994	0	0	1.71682849083966	0	0	0	1.89013216815489	0	806rcbc196	CGCTCACAGAAT	0	0	14
SAMPLE-35	3.79327959063817	3.45635697471107	0	2.72785976775451	4.36353999158429	1.25098366556229	0	3.15802509893885	0	0	0	0	0.995913940709053	806rcbc195	CTGAAGGGCGAA	1	1	15
SAMPLE-36	3.41216861415166	3.56123066662933	0	2.44322525087636	4.42984093177339	0	0	2.29601153117774	0	0	0	2.73916699326795	1.21216258590772	806rcbc118	TATCTATCCTGC	0	0	15
SAMPLE-37	2.34820421302337	1.30949268131696	0	0	4.53030800163004	0	0	1.17627789802355	0	0	0	0	0	806rcbc131	ATCAGTACTAGG	0	0	16
SAMPLE-38	3.62280425301681	0.960542672407737	0	0	4.45452039043114	1.0125485569084	0	3.16677250342118	0.52156811163985	0	0	0.651756009720602	0	806rcbc179	TTGACCGCGGTT	1	1	16
SAMPLE-39	3.77841220786895	3.1582671381378	0	0	4.13946195726501	2.58800874863647	0	4.09726483601172	1.42845687506752	0	0	1.01263300743929	0.789860977990488	806rcbc171	TGGGTCCCACAT	1	1	17
SAMPLE-40	4.08259220699617	2.42536479325846	0	0	4.33743547764387	0	0	1.5503514154709	0	0	0	0.983514212569845	1.1443024250608	806rcbc115	TACCGAAGGTAT	0	0	17
SAMPLE-41	3.54791606905356	3.30739644644602	0	1.14095761059074	4.45469738404816	0	0	1.96504276996338	0	0	0	0.496798542872566	0.980285637116054	806rcbc130	GCCAACAACCAT	0	0	18
SAMPLE-42	4.00573521615939	1.3519248385266	1.33264016729533	2.01514985074701	4.36970437261581	0	0	1.92436519514445	0	0	0	2.57860457746374	0	806rcbc192	GTCGAATTTGCG	0	0	19
SAMPLE-43	3.56821625914384	3.47752507153666	0	0	4.42107736441501	0	0	2.45108006446336	0.557128394111216	0	0	2.90096219150475	1.22118243697113	806rcbc150	ACGCGAACTAAT	0	0	21
SAMPLE-44	2.9864404756051	1.19217901102497	0	0	4.46443304118492	1.06940516658499	0	3.60452508461547	1.00858415707406	0	0	0.60922518666636	0	806rcbc148	CGATGCTGTTGA	1	1	34
SAMPLE-45	4.35086857323031	3.07722667557686	0	0	4.00600065702025	0	0	2.60317992188049	0	0	0	0	0	806rcbc178	CGGGTGTTTGCT	6	1	34
SAMPLE-46	4.37688758081538	1.18944774903763	0	0	4.00695751394021	0	0	2.23070534849868	0	0	0	0.569706319345937	0	806rcbc173	AACGTAGGCTCT	0	0	34
SAMPLE-47	3.52150623423507	3.19331131418883	0	0	4.44528515974816	0.711488589884943	0	3.14537856257126	0	0	0	0.487578308118991	0	806rcbc191	CGATCTTCGAGC	0	0	36
SAMPLE-48	3.6495406018074	2.57736381234586	0	0	4.29847114439567	0.717317296710407	0	3.97419912200889	0	0	0	1.20889054665481	0.429154923687625	806rcbc194	GTGGTCATCGTA	1	1	36
SAMPLE-49	3.75989360627702	1.98970824218464	0	0.778119152414376	4.39494111836765	0	0	3.30802766641215	0	0	0	3.16187827203957	0	806rcbc174	AGTTGTAGTCCG	0	0	37
SAMPLE-50	3.7320318921542	3.22307895537793	0	0	4.34992543671368	1.29798174390623	0	3.67136458774233	0	0	0	0.820008317240447	0	806rcbc198	CGAGCTGTTACC	6	1	38
SAMPLE-51	3.05637816682492	3.89503580121238	0	0	4.259212170382	2.65787929603229	0	3.81633165071165	0.365010425787737	0	0	0.560492534987103	0.473658526134995	806rcbc136	GATGTGGTGTTA	1	1	38
SAMPLE-52	3.87091110801072	2.69918279810912	0	0	4.41738461813139	0	0	1.89315125427712	0	0	0	0.927883447090088	0.927883447090088	806rcbc137	CAGAAATGTGTC	0	0	38
SAMPLE-53	4.13203982055867	2.324989072148	0	0	4.2736880501806	0	0	1.98747439975721	0	0	0	3.18083538554795	1.0420381685014	806rcbc129	GACATTGTCACG	1	1	39
SAMPLE-54	3.76095423623991	3.72977037591352	0	0	4.35563115241813	0	0	2.5238787936513	0	0	0	0	1.29637230574012	806rcbc141	GGATCGTAATAC	0	0	39
SAMPLE-55	3.89279115372249	1.8461110755815	0.949604508387294	2.03225343634676	4.40489792326728	0	0	2.87273265948101	0	0	0.694798038642895	1.22553654808893	0	806rcbc163	CACCTTACCTTA	0	0	40
SAMPLE-56	3.44282269035374	4.01242241631705	0	1.87207099637509	4.25036683995158	2.18420657523354	0.810625906247453	3.48400214573543	0.720260206846803	0.918439554464493	0	0.810625906247453	1.07670262983159	806rcbc138	GTAGAGGTAGAG	1	1	40
SAMPLE-57	2.75964273963848	3.2312422729368	0	0	4.42228066887434	0	0	3.12871199976443	0.460138037148965	0	0	3.6126649538049	0.582906402643244	806rcbc144	TTAGAGCCATGC	0	0	42
SAMPLE-58	2.83898814322386	3.95332095065456	0	0	4.23051582546904	1.15735731090864	0	3.5675426136087	1.13133920751735	0	0	3.57677355902129	0	806rcbc180	GTGCAACCAATC	1	1	42
SAMPLE-59	3.6736915080803	1.57594451842584	0	0	4.46742351965141	0	0	1.80254977416809	1.07422644998077	0	0	0	0	806rcbc145	TGAACCCTATGG	0	0	44
SAMPLE-60	3.50198525383025	3.09402543697072	0	0	4.46824521992002	0	0	2.53406993923379	0	0	0	0.976751471108355	0.756668168980958	806rcbc123	ATGTGTGTAGAC	0	0	45
SAMPLE-61	3.78519531753664	3.07584240339342	0	2.32024160430448	4.41742524578065	0.934140525031082	0	2.70278392606267	0.680920608910056	0.515592328954332	0	0.606076614911765	0.401156273900076	806rcbc146	AGAGTCTTGCCA	0	0	46
