bugName	pval	p6M	p1Y	s6M	s1Y	Adjustedpval	Adjustedp6M	Adjustedp1Y
Unclassified Planctomycetes Phylum	0.00696278182269339	0.0020674711216174	0.154951719285833	-0.414766227679	-0.159908102289311	0.208230436706083	0.107508498324105	0.503593087678957
Clostridia	0.00800886295023395	0.0818355998639168	0.00249445392514462	-0.132177010215282	-0.279049740466795	0.208230436706083	0.486964817066052	0.12971160410752
Unclassified Firmicutes Phylum	0.0214331202792173	0.509885888606718	0.00767712119131638	-0.150968612247403	-0.763656153754293	0.34836106231486	0.679847851475624	0.199605150974226
Gammaproteobacteria	0.0352317244674001	0.0284951163593676	0.0247677430393314	0.628815004624147	0.678640106088695	0.34836106231486	0.371828575455597	0.321980659511308
Erysipelotrichia	0.0354426646302043	0.0229335354546852	0.0346855735178206	-0.804573002032084	-0.755842230135207	0.34836106231486	0.371828575455597	0.360729964585334
Ardenticatenia	0.0407347668879998	0.136511925414084	0.0147919360817125	0.141733800574794	0.260391613889099	0.34836106231486	0.486964817066052	0.256393558749683
Anaerolineae	0.0568571647317002	0.0429032971679535	0.677446319341949	0.351665499836564	-0.0679637116727971	0.34836106231486	0.371828575455597	0.860263602140607
Thermotogae	0.0582243112379659	0.0358069837396629	0.792205250785575	0.253261417613805	-0.0292704665133386	0.34836106231486	0.371828575455597	0.883404798542004
Verrucomicrobiae	0.0602932607852642	0.0336532922909892	0.0647719958628183	1.27810355634101	1.10981972807076	0.34836106231486	0.371828575455597	0.443864380677913
Unclassified Cyanobacteria Phylum	0.0995018746449348	0.447399423743301	0.100870482194717	0.142109101169984	-0.334061777005258	0.517409748153661	0.679847851475624	0.456248322035696
Fusobacteriia	0.124634716328508	0.0892696587402842	0.0804003883285564	0.938446073350742	1.01449722192222	0.589182295371128	0.486964817066052	0.456248322035696
Bacteroidia	0.137201096284181	0.250007331126632	0.0541570740698419	0.268460197088327	0.500920273495425	0.594538083898117	0.679847851475624	0.443864380677913
Unclassified Candidatus Cloacimonetes Phylum	0.161722292354641	0.132784974532646	0.59100424798988	-0.177147043370141	0.0622812291670859	0.605188159847868	0.486964817066052	0.821450098318336
Unclassified Chloroflexi Phylum	0.168900525997594	0.0682796314371186	0.307030780325474	-0.240782207120122	-0.130569160598504	0.605188159847868	0.486964817066052	0.744827155091159
Synergistia	0.174573507648423	0.444101199790346	0.068286827796602	0.129674701506725	0.347456770184514	0.605188159847868	0.679847851475624	0.443864380677913
Ignavibacteria	0.216947633461515	0.972997967737809	0.111967785626026	-0.00440102451482342	-0.230031481326469	0.645260928765913	0.972997967737809	0.456248322035696
Alphaproteobacteria	0.22081600623775	0.137256425905229	0.850239768943773	0.319030617986335	-0.0400160746904714	0.645260928765913	0.486964817066052	0.902295265001555
Negativicutes	0.237831526838036	0.135268336536551	0.883898984439005	0.240552081469092	-0.022695915839543	0.645260928765913	0.486964817066052	0.919254943816566
Unclassified Tenericutes Phylum	0.247983671037915	0.509285243523249	0.103176931924196	-0.203277604810524	-0.551567871161531	0.645260928765913	0.679847851475624	0.456248322035696
Opitutae	0.255512384104486	0.322591840880625	0.366676277015327	-0.0564779721767773	0.0519433037574101	0.645260928765913	0.679847851475624	0.744827155091159
Flavobacteriia	0.260586144309311	0.350918193637918	0.114062080508924	0.221626890685559	0.408811484517344	0.645260928765913	0.679847851475624	0.456248322035696
Deltaproteobacteria	0.280378257406839	0.140470620307515	0.283093558524501	0.426608064133672	0.307448765095735	0.662712244779802	0.486964817066052	0.744827155091159
Deinococci	0.296065674425308	0.129024398460041	0.433132084102366	0.22369215306446	0.115476650873137	0.669365872613739	0.486964817066052	0.744827155091159
Acidithiobacillia	0.310759083117443	0.474003278816495	0.136893662581006	-0.0634817857935037	-0.141772078719685	0.673311346754461	0.679847851475624	0.503593087678957
Epsilonproteobacteria	0.332576282522067	0.469853025068689	0.148881086662658	0.12409393764687	0.268901130325821	0.691758667645899	0.679847851475624	0.503593087678957
Oligoflexia	0.351794110876935	0.465334235071881	0.385909671451385	-0.124816448175916	0.154915425072698	0.70358822175387	0.679847851475624	0.744827155091159
Chlamydiia	0.428019081817099	0.207451599859086	0.733171882577142	0.307401722403828	0.0821896647886155	0.778501446992318	0.652338571601707	0.860666418037961
Candidatus Brocadiae	0.442714808303613	0.213264533023635	0.622548959434631	-0.0560454487544792	-0.0223937683360787	0.778501446992318	0.652338571601707	0.830065279246175
Dictyoglomia	0.449866923547099	0.480914942823919	0.507575211545198	0.0476736671579573	-0.0468012212596326	0.778501446992318	0.679847851475624	0.774886659043396
Acidobacteriia	0.45730479472776	0.600866824949036	0.222276535049911	0.175021260495718	0.440977325647982	0.778501446992318	0.743930354698806	0.679302323073118
Actinobacteria	0.464106631860805	0.467630472762545	0.235143111833002	-0.187086038475378	-0.327179887932856	0.778501446992318	0.679847851475624	0.679302323073118
Calditrichae	0.573721721004441	0.304736032215945	0.743892430811617	-0.219379466066643	-0.0689907178980085	0.818324461924037	0.679847851475624	0.860666418037961
Spirochaetia	0.575780998864648	0.377533897987163	0.904408976695093	0.148410934944627	-0.0207038340406077	0.818324461924037	0.679847851475624	0.922142486042056
Bacilli	0.587147543111719	0.314242510991538	0.692741317357809	0.362950845463308	0.145360726992527	0.818324461924037	0.679847851475624	0.860263602140607
Chlorobia	0.594925344124963	0.365590849807659	0.442940014244526	-0.0825130030688173	-0.072735171341361	0.818324461924037	0.679847851475624	0.744827155091159
Cytophagia	0.596140028582596	0.465796058850266	0.744807477148235	-0.196060069752713	0.0904935844843415	0.818324461924037	0.679847851475624	0.860666418037961
Chitinophagia	0.602081959060917	0.890315840519247	0.345985406732634	-0.0228579314883135	-0.167133037803682	0.818324461924037	0.949026397582858	0.744827155091159
Planctomycetia	0.612022309920132	0.470193034920098	0.379467744713275	0.0741383381061766	0.0931939060539485	0.818324461924037	0.679847851475624	0.744827155091159
Rubrobacteria	0.620474208667235	0.936983557579547	0.369396597418019	-0.012535131936901	-0.151989242022017	0.818324461924037	0.965564978998636	0.744827155091159
Coprothermobacteria	0.629480355326183	0.79542111933943	0.470641438564689	-0.0282568687480155	0.0832087425127406	0.818324461924037	0.899171700122834	0.744827155091159
Tissierellia	0.690128547322582	0.489905351471122	0.465040159937385	-0.126029828122678	-0.139671591704438	0.832995516547912	0.679847851475624	0.744827155091159
Unclassified Proteobacteria Phylum	0.691685248198862	0.676230575549488	0.404673234213707	0.0560226036906335	0.117659681182817	0.832995516547912	0.799181589285759	0.744827155091159
Coriobacteriia	0.69248117815784	0.509266790825976	0.454954066727078	-0.185392566252772	-0.219977544166279	0.832995516547912	0.679847851475624	0.744827155091159
Betaproteobacteria	0.707164406001096	0.555609264708315	0.449945597981496	0.185025105488784	0.248844900361724	0.832995516547912	0.704675164995911	0.744827155091159
Unclassified Bacteroidetes Phylum	0.720861504704924	0.457828389841231	0.574622368944935	0.224231577408259	0.176186238773377	0.832995516547912	0.679847851475624	0.821450098318336
Nitriliruptoria	0.756423560295809	0.471838360089732	0.694828294036644	0.328326059978209	0.182883179198848	0.843664106542486	0.679847851475624	0.860263602140607
Sphingobacteriia	0.762542557836478	0.771517312144381	0.472678771500158	0.0826745121035641	0.216249119544081	0.843664106542486	0.891531116255729	0.744827155091159
Saprospiria	0.780028331932233	0.626841630214634	0.521558328202286	0.0653500702940727	0.0895634148303846	0.845030692926586	0.75804104118979	0.774886659043396
Mollicutes	0.799117754381436	0.870184926774444	0.600290456463399	0.0369522670538919	-0.122609715765124	0.845774429962472	0.949026397582858	0.821450098318336
Thermodesulfobacteria	0.813244644194685	0.530577406150847	0.798462029451427	0.0567633109851239	0.0239641557725747	0.845774429962472	0.689750627996101	0.883404798542004
Unclassified Verrucomicrobia Phylum	0.961435281772477	0.946996421710201	0.826343199321045	0.00822670435399873	-0.0279659816439595	0.978028190481389	0.965564978998636	0.895205132597799
Elusimicrobia	0.978028190481389	0.894274874645385	0.930175978340558	0.0111075504604134	-0.00765142117815735	0.978028190481389	0.949026397582858	0.930175978340558
