bugName	pval	p3M	p1Y	p2Y	s3M	s1Y	s2Y	Adjustedpval	Adjustedp3M	Adjustedp1Y	Adjustedp2Y
Streptococcaceae	0.000162048201610698	2.22469326238943e-05	0.0051570637595442	0.00584558844439362	0.748458170024982	0.51947589234687	0.631010948367332	0.0357481200792731	0.00586088733595837	0.277448586429169	0.176514173626096
Cardiobacteriaceae	0.000236742517081279	3.88138234169429e-05	0.452101109755876	0.0182260805128461	0.398578556131038	0.0731755279032706	0.291603190686864	0.0357481200792731	0.00586088733595837	0.853669246510155	0.289698753414712
Ferrimonadaceae	0.000416270319960166	0.000119315326490281	0.0571282311956848	0.00163745012944138	0.743983014605896	0.38191341077593	0.808265346799193	0.0419045455426567	0.00870061795218365	0.406006919184052	0.110921281415253
Enterobacteriaceae	0.000750247489354483	9.04627579591009e-05	0.0582522069097657	0.0108055720947172	0.721932209339396	0.359971400348725	0.603094757631653	0.0445607070487545	0.00870061795218365	0.406006919184052	0.217552184840306
Gottschalkiaceae	0.000857656815783869	0.982204477304905	0.746745055926975	0.000136626839993623	-0.000612567450898808	0.0098748480645496	0.156306466206775	0.0445607070487545	0.988752507153605	0.937506382874455	0.0412613056780743
Unclassified Bacillales Order	0.000960375576903649	0.000144049966095756	0.740281894634305	0.252917519487035	0.429919246480731	0.0384388235425951	0.164975786852119	0.0445607070487545	0.00870061795218365	0.937506382874455	0.848445245385404
Pasteurellaceae	0.00103286407066649	0.00169607687686908	0.0749450191245215	0.00043349036543181	0.591703857654732	0.363017162096808	0.943349415934341	0.0445607070487545	0.0497167470320165	0.419136958807509	0.0654570451802034
Campylobacteraceae	0.00217532624680117	0.000645487301769281	0.00245601492923482	0.228585919732035	0.397611837198015	0.395453372170351	0.185403725440601	0.0821185658167441	0.0278481664477604	0.277448586429169	0.839332058426138
Fusobacteriaceae	0.00299497233006563	0.00085702563240726	0.0119125455475557	0.010326037847183	0.822125860959256	0.679135926968349	0.8580509319387	0.0892482793258583	0.0323527176233741	0.303098202185819	0.217552184840306
Leptotrichiaceae	0.00314615972175702	0.00244748598357447	0.00684884307000858	0.00486834066962683	0.42712811229132	0.422519161357331	0.542950666159715	0.0892482793258583	0.0563523224639699	0.277448586429169	0.176514173626096
Trueperaceae	0.00325076514100808	0.618093946220951	0.0264335237923855	0.000818175077290566	0.0438366697277811	0.225165326664008	0.433727878747042	0.0892482793258583	0.841261925232463	0.333913747781184	0.0823629577805837
Francisellaceae	0.00413866301723542	0.000381227075376203	0.174481192292208	0.080005129577636	0.446900424095927	0.179794281999592	0.288995695483588	0.104156352600425	0.0191884294606022	0.612713024095894	0.613047287471906
Akkermansiaceae	0.00580441163100787	0.00181087489189464	0.00735132275179364	0.0319852155193243	0.849895942956585	0.810615695541292	0.787582994967629	0.134840947120337	0.0497167470320165	0.277448586429169	0.428819322313847
Succinivibrionaceae	0.0088533331531937	0.016254697071464	0.126081031039521	0.00183644505654393	-0.529048372236534	-0.376877745763138	-1.00152099302459	0.190979043733178	0.18880455829162	0.569451924600582	0.110921281415253
Unclassified Alphaproteobacteria Class	0.00975845124057861	0.00118569813161631	0.0357379598803699	0.333654435179357	0.530698100315441	0.37352801788567	0.208019575455058	0.195611624051809	0.0397867595275696	0.348156899479732	0.86797152741978
Vallitaleaceae	0.0103635297510892	0.81533393112498	0.0138016193013858	0.00801927554989632	0.0430905478915719	0.536494499928543	0.72058569432198	0.195611624051809	0.947041719999015	0.320622233001424	0.198352535021331
Paenibacillaceae	0.012549476141521	0.00519362799065519	0.0291468274203703	0.898174088771024	0.250944497970821	0.219549456276211	-0.0155121151280868	0.222937752631726	0.0871375362876593	0.333913747781184	0.9898110293099
Synergistaceae	0.0147803906171617	0.0192781299721516	0.0657511343581454	0.00406208673695349	0.33968513295965	0.297684607416409	0.593416330504258	0.245444481555428	0.200758456951372	0.413684220336665	0.176514173626096
Prevotellaceae	0.0163775316224508	0.760684077656725	0.0461861182015389	0.0126369652825983	-0.0529677644228613	0.404207538165109	0.636439925356419	0.245444481555428	0.918906365809324	0.398520219910421	0.238522719709044
Elusimicrobiaceae	0.0167840633565755	0.898918752056818	0.00325025127292014	0.300424256385849	0.0228954408178918	0.631487831745693	0.260183767508203	0.245444481555428	0.969879535776005	0.277448586429169	0.86797152741978
Odoribacteraceae	0.0170673314988874	0.00478580140338627	0.0120436371729465	0.343633312424153	0.465057127185824	0.465775957827814	0.210346256892825	0.245444481555428	0.0871375362876593	0.303098202185819	0.86797152741978
Clostridiales Family XIII. Incertae Sedis	0.0194160728827718	0.0718964558409645	0.00211048162830551	0.217195777161845	0.165538397704323	0.336778285554207	0.159338703474962	0.262170662145243	0.349757716519659	0.277448586429169	0.830292717757939
Acidiferrobacteraceae	0.0218575315351565	0.0202553424282319	0.242124120140361	0.00642932420492401	0.232865603827765	0.128250813919781	0.382239275891406	0.262170662145243	0.200902380790281	0.670411762410817	0.176514173626096
Budviciaceae	0.0220291210161204	0.00228473189510319	0.163514300502327	0.177078430672638	0.364721290202777	0.177684858108664	0.210956242826402	0.262170662145243	0.0563523224639699	0.599793585958797	0.753206845959671
Ruminococcaceae	0.0221733869066564	0.00261235931952178	0.0628334055760375	0.230677353805859	-0.283523904139919	-0.192564593611808	-0.1520340933501	0.262170662145243	0.0563523224639699	0.413684220336665	0.839332058426138
Sphingobacteriaceae	0.0225709841581997	0.0251188078220067	0.00826833535716067	0.0329494998275165	0.29494048775108	0.399033967886038	0.392503624945767	0.262170662145243	0.210718887840168	0.277448586429169	0.428819322313847
Peptoniphilaceae	0.023992358491711	0.00430858435821789	0.0484974352257592	0.633298612930859	0.296928473618796	0.223606553824005	0.0647989179029868	0.268358972759138	0.0867461650787869	0.398633295440874	0.91846290486758
Rhodobiaceae	0.0267279705084695	0.00646194868396885	0.536189652862438	0.733372620270814	0.109370318495977	0.0265005556481406	-0.017820843751244	0.28828025334135	0.102710973818873	0.859803870241338	0.959402910836175
Yersiniaceae	0.0305733686655998	0.0102234498609751	0.77761371713453	0.0545067670225747	0.248075087284813	0.0291259207197152	0.247536626514397	0.311682408905486	0.134238341652804	0.937506382874455	0.498819504267199
Thiotrichaceae	0.0318418168595972	0.113347169877853	0.176520741170341	0.00422881606543667	0.106382157388356	0.100594525973959	0.270213767293257	0.311682408905486	0.4263528793551	0.61275015900509	0.176514173626096
Chlorobiaceae	0.0319938896558611	0.0473335005173577	0.0110687255538832	0.0369182198018544	-0.238344907000403	-0.345435498418985	-0.34048285730122	0.311682408905486	0.273221083273113	0.303098202185819	0.428819322313847
Unclassified Enterobacterales Order	0.0384943829774618	0.00513629660084581	0.270142959536695	0.123909535860294	0.382080983704883	0.161031656750723	0.27689728121747	0.363290739349795	0.0871375362876593	0.703303222242085	0.656503154908926
Desulfohalobiaceae	0.0401419504550224	0.12154876584085	0.417683619267564	0.00577270339155285	0.0782384783605686	0.0461424238197731	0.204273670018085	0.367359667800508	0.431855615105137	0.844334035467363	0.176514173626096
Unclassified Verrucomicrobiales Order	0.0431385004487055	0.0144363687797196	0.0194472140831692	0.3007717287435	0.380973631213669	0.406172877966142	0.214310527452052	0.383171386338502	0.174391334859013	0.333913747781184	0.86797152741978
Unclassified Chromatiales Order	0.0484247506130109	0.0213548508587051	0.0298532158612317	0.0630929993867044	0.154169397066866	0.161884765442996	0.167979644310464	0.403793497965595	0.200902380790281	0.333913747781184	0.531603960135245
Heliobacteriaceae	0.0495625948524788	0.312034091282892	0.0510102744672958	0.461278688130755	-0.14719564077993	0.330672874295763	0.15181666176413	0.403793497965595	0.641049629710431	0.398633295440874	0.897543533187451
Idiomarinaceae	0.0495969610570187	0.0228665047814565	0.59152702764175	0.976717417588683	0.124031544565451	-0.0315174181293551	-0.00208193998538671	0.403793497965595	0.203108365999996	0.884362189840636	0.996515743620885
Unclassified Candidatus Saccharibacteria Phylum	0.0508084533863994	0.0184578272367242	0.674551491858702	0.509964301988244	0.136313628339487	-0.0264565436938525	0.05133913730798	0.403793497965595	0.200758456951372	0.921402836309236	0.914496699522792
Unclassified Desulfovibrionales Order	0.0546248968118195	0.0118405876439223	0.158891984916822	0.0592223711869133	0.264526591239014	0.162398846136302	0.271366459668073	0.412093235596138	0.148994061186023	0.599793585958797	0.526034002895524
Granulosicoccaceae	0.0566750082368328	0.0416003351881502	0.803687438165422	0.065130286506636	0.177427433746689	-0.0234505097434376	0.216395088328589	0.412093235596138	0.271162473522295	0.952399748566101	0.531603960135245
Rikenellaceae	0.057868834865466	0.0284249958570662	0.492467503717727	0.394481988121197	0.334576373122819	0.115996301021287	-0.178893366670063	0.412093235596138	0.220111506380359	0.859683156778923	0.86797152741978
Thioalkalibacteraceae	0.0578705553419072	0.273685500261873	0.00703749902952738	0.291324178296549	0.119600566803632	0.344219627861472	0.159171180352993	0.412093235596138	0.594626050928673	0.277448586429169	0.86797152741978
Orbaceae	0.0586755269226289	0.00795724930857119	0.179638715518874	0.173003778561006	-0.354398846257354	-0.193023597206355	-0.239282304192293	0.412093235596138	0.114432823389929	0.613448228619241	0.746387730363199
Sedimentisphaeraceae	0.0606659991641939	0.00860453079290787	0.398078175163628	0.719707496718905	0.293666382604465	0.101309398237791	0.0524186185653778	0.415594698394207	0.118116740884463	0.823421978763121	0.959402910836175
Unclassified Deltaproteobacteria Class	0.0620529674853434	0.239327513873627	0.00754974686154328	0.405244984656255	0.19146592179051	0.51406059393721	0.190486316412208	0.415594698394207	0.569674310665742	0.277448586429169	0.86797152741978
Rhodospirillaceae	0.0646319576077967	0.00794581948806977	0.220331321715685	0.385348169628374	0.356134059658771	0.179521114596593	0.156608513535025	0.415594698394207	0.114432823389929	0.647220983851992	0.86797152741978
Unclassified Cyanobacteria Phylum	0.0646786451143302	0.931183877389812	0.0514791341794506	0.0526154786945089	-0.0137730567520236	0.364015171602112	0.449949821451509	0.415594698394207	0.983067807770322	0.398633295440874	0.496558580179428
Unclassified Blastocatellia Class	0.0664631648158991	0.246316007293954	0.437552568912789	0.00853835415654738	0.0469467738338981	0.0348352723235275	0.149838099235737	0.418164078633365	0.569674310665742	0.852521779430079	0.198352535021331
Unclassified Micrococcales Order	0.0702135424985263	0.039730174607782	0.0208977695684513	0.146985174071058	0.27475175941699	0.349951327476525	0.265107850377572	0.422152050167624	0.268718956665687	0.333913747781184	0.706071836088793
Eubacteriaceae	0.0710015194192546	0.416149902654739	0.163432051716905	0.0847188039927176	-0.115523806912146	0.223987669045589	0.342715961176629	0.422152050167624	0.727988358085795	0.599793585958797	0.613047287471906
Barnesiellaceae	0.0722986264300544	0.0457045722370929	0.431368026910294	0.98453688647143	-0.546450285099773	0.237487965864144	-0.00719341096053431	0.422152050167624	0.273221083273113	0.851602776150602	0.996805627956423
Mariprofundaceae	0.0726884324791935	0.911797363880773	0.0493296788209679	0.271937661776033	0.00579668192326017	0.11807807200747	-0.0794937583338959	0.422152050167624	0.976463843588629	0.398633295440874	0.86797152741978
Acholeplasmataceae	0.0760519106379156	0.21313427503541	0.26975429946989	0.114516958662788	0.126355698540247	-0.124362114243523	0.218214599733191	0.430895826255223	0.542326713583288	0.703303222242085	0.656503154908926
Peptostreptococcaceae	0.077047598072126	0.556845717238482	0.0178633175221211	0.105856295639902	-0.0667723162221472	-0.316190573773662	-0.262301208935665	0.430895826255223	0.818525445129958	0.333913747781184	0.639664626845346
Unclassified Desulfuromonadales Order	0.0837606480651202	0.278821857038466	0.943275238322107	0.0164712872446872	0.0982559743704671	0.00719630362855163	0.309807733651201	0.459922103921205	0.599101803315594	0.980462370874505	0.276351597105307
Halothiobacillaceae	0.088209396390031	0.0328418898817173	0.434261018301963	0.526029036130169	0.108820445036016	0.0437818976589602	-0.04373082498132	0.463772986986802	0.233717796596468	0.851602776150602	0.914496699522792
Atopobiaceae	0.0895906307842393	0.0190709146394756	0.0794102131166568	0.170659602580188	0.455599251184765	0.37749712606204	0.360371601191943	0.463772986986802	0.200758456951372	0.43062209727946	0.746387730363199
Unclassified Dehalococcoidia Class	0.0917399824978669	0.0301162704431133	0.772009358541811	0.737444063803204	-0.202101326637257	0.0299216009090466	-0.0430104382648375	0.463772986986802	0.221832040824883	0.937506382874455	0.959402910836175
Colwelliaceae	0.0949284087157634	0.189558351710981	0.0151950702791885	0.713545503023133	-0.142690368686979	-0.302984561399864	-0.0539087469496365	0.463772986986802	0.511130555506396	0.327779373165351	0.959402910836175
Actinomycetaceae	0.0962108861391577	0.0279091282864322	0.816324147757838	0.530986578738871	0.330593913604115	-0.0376657648903908	0.123897461339278	0.463772986986802	0.220111506380359	0.955678236618742	0.914496699522792
Haliscomenobacteraceae	0.0968050402178281	0.0433737077012503	0.91123308632256	0.48504458570867	0.131131321448939	0.0079415355732501	-0.0615433993918626	0.463772986986802	0.2728929109537	0.965587340594432	0.900659427169536
Neisseriaceae	0.0986752253379483	0.0422007823031387	0.528177452351604	0.0479154095971875	0.35426200390954	0.119739242934748	0.469051806350892	0.463772986986802	0.271162473522295	0.859803870241338	0.491546168490535
Oxalobacteraceae	0.0991187403663986	0.929708813514675	0.0268630671005005	0.390516196177645	-0.00864923655059081	0.253392732796088	0.118280537859513	0.463772986986802	0.983067807770322	0.333913747781184	0.86797152741978
Unclassified Victivallales Order	0.0992107741475275	0.0238841660386775	0.0591533259738353	0.246305016745261	0.485860078811115	0.4565410864469	0.342812609749741	0.463772986986802	0.206086232676589	0.406006919184052	0.848445245385404
Halobacteriovoraceae	0.101239774090421	0.0297385688704109	0.36070496933795	0.68223149890578	0.182986174566864	0.084641870397399	-0.0466120746434331	0.463772986986802	0.221832040824883	0.818130128480589	0.957771862606503
Unclassified Aquificales Order	0.104617576411276	0.128937344283159	0.38903737874724	0.360564799655299	-0.0492647628973097	0.0307831928065284	0.039785007172306	0.463772986986802	0.432656421927935	0.818130128480589	0.86797152741978
Desulfuromonadaceae	0.10489443208051	0.59456718344402	0.381053880375679	0.0153239213511379	0.0696344198590545	0.131272880138066	0.466744743002773	0.463772986986802	0.823666465138045	0.818130128480589	0.272224955767274
Unclassified Oceanospirillales Order	0.105826370733542	0.0986771772848619	0.0330510419703916	0.0927296430540241	-0.234588235473889	-0.340976980147245	-0.323590792624382	0.463772986986802	0.387019578441926	0.348156899479732	0.622318937829228
Bifidobacteriaceae	0.106141829775018	0.0469622782705016	0.0545177965258327	0.100174762845225	-0.610128066023599	-0.655957001786111	-0.678072414063332	0.463772986986802	0.273221083273113	0.406006919184052	0.630266216234542
Rhizobiaceae	0.108141333455226	0.370979618724401	0.130106565554438	0.249254773969796	0.0605563890284089	-0.116713289027865	-0.108986726724059	0.463772986986802	0.692500842060851	0.569451924600582	0.848445245385404
Verrucomicrobiaceae	0.110311938170905	0.0217314276129757	0.193802317638619	0.865975645314893	0.330817137669739	0.206830015269373	0.0328591316513103	0.463772986986802	0.200902380790281	0.616087367651189	0.981189176190034
Chromatiaceae	0.110568394248509	0.0283376222712897	0.0853552134135159	0.721211781940464	0.22149953909691	0.194953846979902	0.0492061540729507	0.463772986986802	0.220111506380359	0.444435766394514	0.959402910836175
Tannerellaceae	0.114136115150854	0.712988221279957	0.0355147634071841	0.121367310384961	0.0579103779980238	0.379948508074152	0.337514631824352	0.470434821874024	0.886100587763568	0.348156899479732	0.656503154908926
Unclassified Actinobacteria Phylum	0.115272108671119	0.53087309565393	0.132109157162253	0.278868733934431	-0.0924180048342316	0.255390673518074	-0.226093203100097	0.470434821874024	0.817977933099423	0.569956649471434	0.86797152741978
Sphingomonadaceae	0.117047259607518	0.0475492517318947	0.836298444886068	0.206279604513566	0.119211008736295	-0.0136243760085361	0.103615139511272	0.471310298686273	0.273221083273113	0.955678236618742	0.805025569510068
Piscirickettsiaceae	0.121644016463086	0.0594608341963974	0.52589612178045	0.625677219854455	0.187954703196587	-0.0689471587277757	0.0644575297370893	0.483374907524369	0.31503810398793	0.859803870241338	0.91846290486758
Morganellaceae	0.125201101517271	0.231379896372312	0.14772548438587	0.0259633148250749	0.191622926595658	0.259018715069711	0.494052397672606	0.486171321911167	0.568103485401937	0.598636824265817	0.392046053858631
Syntrophaceae	0.12556742751348	0.256618375610564	0.0257701931904851	0.119889851427019	-0.100841240741459	-0.231879629224996	-0.19755560081802	0.486171321911167	0.574064810625114	0.333913747781184	0.656503154908926
Desulfovibrionaceae	0.127690472513723	0.127430716691036	0.0242191470158016	0.2405118001114	0.316958902051283	0.538865868428664	0.338401218371564	0.488133198723347	0.432405353266214	0.333913747781184	0.848445245385404
Muribaculaceae	0.133062360754914	0.261205658635185	0.023026094148846	0.188612685655441	0.153680319026125	0.363154251830191	0.254845600198684	0.493379643114967	0.577498937078343	0.333913747781184	0.780288096821141
Methanobacteriaceae	0.137282233163892	0.686028507442538	0.0249709042769001	0.410961575746169	0.100629549790984	0.657551736201078	0.291087962603833	0.493379643114967	0.874015111633945	0.333913747781184	0.87401687236157
Lacipirellulaceae	0.138801772149439	0.0219529091592029	0.522515107079474	0.459005283393023	-0.101587729201834	-0.0310852857132308	-0.0445770507265032	0.493379643114967	0.200902380790281	0.859803870241338	0.897543533187451
Lachnospiraceae	0.139087398856558	0.0642651999324993	0.0410885142019886	0.267067782551906	-0.120351120802123	-0.150956868922683	-0.0994838405786681	0.493379643114967	0.331537473778109	0.387772852781267	0.86725236914705
Unclassified Campylobacterales Order	0.139688726637177	0.70617289972463	0.0285383967330596	0.943774000502055	-0.0204388230435483	-0.137469426676176	-0.0052776900872774	0.493379643114967	0.884913758161155	0.333913747781184	0.9898110293099
Bradyrhizobiaceae	0.141631760779974	0.279713093600989	0.168816075518204	0.499112682372566	0.0476275474553433	-0.067779952970864	-0.0401358132618651	0.493379643114967	0.599101803315594	0.599793585958797	0.913527455009181
Unclassified Chloroflexi Phylum	0.141764189790092	0.244100357338844	0.120078563644965	0.0352053397121461	-0.0976877849722494	-0.146065185725822	-0.244025569918058	0.493379643114967	0.569674310665742	0.569451924600582	0.428819322313847
Euzebyaceae	0.142132546195371	0.669734404873701	0.0276216596057996	0.298075109986141	0.0581802383932327	0.350607864765991	0.199939119507812	0.493379643114967	0.869985365271833	0.333913747781184	0.86797152741978
Unclassified Chroococcales Order	0.14823596586582	0.0540167342904575	0.70992242888525	0.813975641575432	-0.0534118911205099	0.0113983188998123	-0.0089156688911102	0.508718882857701	0.296600977376694	0.931436147696906	0.959402910836175
Unclassified Nitrosomonadales Order	0.150768756129388	0.212574737651163	0.646241343533474	0.0295021747650369	0.104944571720174	0.0427581077328419	0.255208207411699	0.511597352259273	0.542326713583288	0.90662869410237	0.424269370430531
Porphyromonadaceae	0.153889626704439	0.345398198006276	0.073135814040485	0.502523902656992	0.101434079834757	0.222440149253739	-0.101405222265009	0.512219465804103	0.668655485883945	0.416736147928801	0.914230232544648
Unclassified Pseudomonadales Order	0.154344276119779	0.251027788833372	0.0430257552443536	0.80621722118772	0.0477845257023579	0.0954498108931057	-0.0137146690271926	0.512219465804103	0.569674310665742	0.393750851024084	0.959402910836175
Spongiibacteraceae	0.157176452044601	0.0906273752670914	0.829043978590203	0.143051493655034	0.153259000088786	-0.0216198613330208	0.183237721307769	0.515948788233365	0.37876665929743	0.955678236618742	0.706071836088793
Nautiliaceae	0.171513723776196	0.125633041936723	0.0651257359653512	0.909938311018054	0.140320117657367	0.189333393494088	-0.0138209245419354	0.553831286760824	0.432405353266214	0.413684220336665	0.9898110293099
Desulfobacteraceae	0.172384572700389	0.0400409041389268	0.141833700986964	0.711533474691394	0.216472523990295	0.173465849709331	0.0534185922098042	0.553831286760824	0.268718956665687	0.594913579139766	0.959402910836175
Vulgatibacteraceae	0.177041362069334	0.54980929952088	0.893339403931972	0.0680923763582304	0.0425681781295633	-0.0107191187270085	-0.183671204818573	0.554913681248022	0.818525445129958	0.96143035181534	0.541155201583831
Saccharospirillaceae	0.178333150369927	0.572491995654456	0.454730748165958	0.0921107030119488	-0.0467521494886908	0.0702804512400677	-0.199017594405807	0.554913681248022	0.818525445129958	0.853669246510155	0.622318937829228
Corynebacteriaceae	0.179112650871793	0.0647705660692332	0.542401075925339	0.588868601742788	0.154873141263917	0.056591698379374	-0.0620284273018535	0.554913681248022	0.331537473778109	0.859803870241338	0.91669235941403
Hyphomonadaceae	0.182508591340774	0.0812586214584104	0.698474279697239	0.0861752325153724	0.144840479795626	0.0351410662144472	0.192900879780197	0.554913681248022	0.368435773804999	0.921402836309236	0.613047287471906
Unclassified Rhizobiales Order	0.183009905158997	0.173804843468347	0.0692743797523428	0.0872881899380528	0.124366059964864	0.190837854653645	0.2223286581916	0.554913681248022	0.498683577075897	0.416406470409284	0.613047287471906
Unclassified Bacilli Class	0.185295047714016	0.902437581301514	0.266209876985866	0.0472831879358212	0.0211654663825499	0.21953601933254	0.494004904010392	0.554913681248022	0.969879535776005	0.703303222242085	0.491546168490535
Acidithiobacillaceae	0.18558371458957	0.211025264419592	0.0336319676539686	0.558201919540661	-0.109840944528089	-0.211652682162193	-0.0690717426194694	0.554913681248022	0.542326713583288	0.348156899479732	0.914496699522792
Nitrospiraceae	0.188684907191406	0.0479493954088576	0.982232814645021	0.777632131321772	0.127308481864068	0.00158690513836954	0.0249605906914827	0.558655313449064	0.273221083273113	0.988948959984386	0.959402910836175
Geobacteraceae	0.190769713768951	0.0332776995153912	0.541198984952517	0.620193434667056	0.337379690149449	0.10485694351683	0.103406925684495	0.559344209303139	0.233717796596468	0.859803870241338	0.91846290486758
Flavobacteriaceae	0.194188938891136	0.0729627024527766	0.0812763561090372	0.19830010003923	0.196044689900787	0.215725572677344	0.195324636921643	0.56389480331849	0.349757716519659	0.43062209727946	0.798488402824635
Unclassified Elusimicrobia Phylum	0.197242858278272	0.127173416399195	0.0455625879386655	0.397717686133937	0.110555354915078	0.164361840890456	0.083593416698722	0.565833151838327	0.432405353266214	0.398520219910421	0.86797152741978
Ignavibacteriaceae	0.198603689055837	0.0853990204183772	0.952414231761621	0.553335540248461	0.118474774745917	0.00451708794949738	-0.0551786187829813	0.565833151838327	0.368435773804999	0.981669276423241	0.914496699522792
Unclassified Clostridiales Order	0.20573003450728	0.668320816798458	0.187702865470945	0.25028801982168	0.0287162223434953	0.101415084976806	-0.109479428304825	0.580658602067276	0.869985365271833	0.613448228619241	0.848445245385404
Leptospiraceae	0.209625680939532	0.440593087201607	0.582644042702793	0.0364912368684417	0.0846172157719031	0.06847063803407	0.33204393218038	0.586175515219803	0.747523103004973	0.884213572342932	0.428819322313847
Synechococcaceae	0.213323984480349	0.215494058377466	0.145329449654446	0.0636104901346727	-0.0864621430773725	-0.114096841801526	-0.179470267696909	0.587104736704772	0.542326713583288	0.598636824265817	0.531603960135245
Pirellulaceae	0.213846096150745	0.949853704087331	0.123843638168972	0.122371808871601	-0.0047611139125426	-0.13165872144378	-0.160896834913048	0.587104736704772	0.985758826922247	0.569451924600582	0.656503154908926
Carnobacteriaceae	0.216692831200445	0.994628510323673	0.071699127355241	0.280667374652435	-0.000347550076853148	-0.106692527888335	-0.0775641716680662	0.587847048818039	0.994628510323673	0.416406470409284	0.86797152741978
Pseudomonadaceae	0.218009501548412	0.403806193592203	0.294691093068322	0.243485052368734	0.0915678659532325	-0.129699671376382	-0.178192279157149	0.587847048818039	0.721594499791984	0.740597437130613	0.848445245385404
Planctomycetaceae	0.22971658187995	0.366647400986662	0.248629527781495	0.0463583251892774	0.0991730618705832	0.144797295383491	0.315716648567622	0.613932811749954	0.692500842060851	0.670411762410817	0.491546168490535
Puniceicoccaceae	0.232284577873416	0.294350848045399	0.631524396308469	0.0488290895851525	-0.0650695126525832	-0.0339684857186576	-0.177500674468165	0.615080089975512	0.608862713080209	0.904711963695511	0.491546168490535
Thermoanaerobacterales Family IV. Incertae Sedis	0.236857403833809	0.284504938930239	0.248345402391609	0.752885013828	-0.101698593717232	0.124214927473182	-0.0415650446563446	0.615080089975512	0.605073884203747	0.670411762410817	0.959402910836175
Desulfarculaceae	0.238079107535879	0.116287326147025	0.190266905448053	0.0967910256546709	0.160170951674871	0.147903530407372	0.229746811445091	0.615080089975512	0.4263528793551	0.613448228619241	0.62930106811212
Aeromonadaceae	0.238292617639519	0.0844531852733907	0.754557884864454	0.643496390784897	0.30404601779953	-0.0606066276048831	0.110223955653362	0.615080089975512	0.368435773804999	0.937506382874455	0.925409095319233
Bernardetiaceae	0.245520964844917	0.0502689995696199	0.378390136410366	0.816198519094653	-0.20613442877112	-0.103176313103608	-0.0335816760749951	0.626603385925391	0.281134034630097	0.818130128480589	0.959402910836175
Chloroflexaceae	0.246906632202389	0.832228476147265	0.0697209705805853	0.815398426901747	0.0111353025043828	0.108349567703401	-0.016617257545859	0.626603385925391	0.950603748693376	0.416406470409284	0.959402910836175
Micrococcaceae	0.249753454703089	0.0704610704331341	0.992737747127358	0.417833247513636	0.215153046469654	-0.00117914512275241	0.128264871386767	0.628546194336106	0.348840053619778	0.994641978339822	0.882417068175651
Holosporaceae	0.254808857195616	0.688793366122115	0.418727518695601	0.134689059823799	0.0199301838043076	-0.0449194649720896	0.102165418336147	0.635969213827074	0.874015111633945	0.844334035467363	0.68942535706419
Ardenticatenaceae	0.261153329547268	0.0749949847077863	0.12726666622	0.397204541637264	0.153060418676758	0.146419282126215	0.0989328479731277	0.644470814531288	0.353882584089867	0.569451924600582	0.86797152741978
Unclassified Candidatus Cloacimonetes Phylum	0.26372115640472	0.853298659395132	0.124544077081529	0.569495970134528	-0.0134452848723671	0.127453108700024	-0.0573276650203742	0.644470814531288	0.95961257984224	0.569451924600582	0.914496699522792
Unclassified Armatimonadetes Phylum	0.264617155635363	0.0554964786311202	0.22074093157866	0.486117505392829	-0.0727912255391429	-0.0521583678491526	-0.036548720564677	0.644470814531288	0.299284581189255	0.647220983851992	0.900659427169536
Syntrophobacteraceae	0.268207224924147	0.423253326502318	0.635095815574332	0.0517796716838576	0.0376300815672888	0.0248412057946245	0.127416994178981	0.645404911467348	0.734612095423563	0.904711963695511	0.496558580179428
Chlamydiaceae	0.26927489683737	0.066570264088259	0.161475310125468	0.452078747172077	-0.140587136572294	-0.120494032556079	-0.0794148358941269	0.645404911467348	0.335070329244237	0.599793585958797	0.897543533187451
Unclassified Coriobacteriales Order	0.278451134609896	0.101054762070315	0.212092941446489	0.150050303958527	-0.133503978389232	-0.112210360500364	-0.158033004451818	0.650362397143607	0.391263309554297	0.634178894226137	0.706071836088793
Unclassified Bacteroidetes Phylum	0.280634053825328	0.569224657471517	0.0558615401823954	0.615110151464529	0.0680480283957771	0.266436095902588	0.085080989414221	0.650362397143607	0.818525445129958	0.406006919184052	0.91846290486758
Caedimonadaceae	0.280815214965661	0.375459218491311	0.0655737496303533	0.258470293793646	-0.045404463144377	-0.106763762850539	-0.0786346976445157	0.650362397143607	0.692500842060851	0.413684220336665	0.848456833974793
Acetobacteraceae	0.282078336003227	0.566089437315058	0.446826294126187	0.150105116762548	-0.0747987301904635	0.112603908769091	0.266435157601453	0.650362397143607	0.818525445129958	0.853669246510155	0.706071836088793
Fibrobacteraceae	0.283396128508501	0.182745451302318	0.121204842221346	0.856190964883502	-0.134587807489527	-0.175466800451084	0.0246881756775384	0.650362397143607	0.507823921187891	0.569451924600582	0.981189176190034
Erysipelotrichaceae	0.285703336715198	0.154267532695966	0.549242564576559	0.584248943423523	-0.257073552462998	0.120030253361446	-0.134794407098078	0.650362397143607	0.480296854373008	0.859803870241338	0.91669235941403
Aurantimonadaceae	0.287507701389329	0.334542909390447	0.0800293693606056	0.942488128277353	0.0728057267798379	0.151844634427018	-0.00759820751463598	0.650362397143607	0.664683938394177	0.43062209727946	0.9898110293099
Burkholderiaceae	0.288571394759084	0.0915561792341469	0.201526834978392	0.954521816662604	0.19870123925641	0.166979064079198	0.00903965498443821	0.650362397143607	0.37876665929743	0.629377852663446	0.990706323398539
Veillonellaceae	0.291380979564003	0.0943254756371383	0.46655585703599	0.151969103793945	0.304976318894648	0.147048646679537	0.359789828203027	0.651830043172807	0.384949914086699	0.853669246510155	0.706071836088793
Unclassified Firmicutes Phylum	0.299339843658662	0.244045190959003	0.148668085496478	0.105904739543932	0.117175744812394	0.166647924119781	0.232530256165936	0.661790806770853	0.569674310665742	0.598636824265817	0.639664626845346
Unclassified Alteromonadales Order	0.300216359362937	0.144465328883236	0.958225831513968	0.552899438979294	-0.156721631755131	0.00617300882377537	0.0852945093924809	0.661790806770853	0.459247677081444	0.984300003800062	0.914496699522792
Alteromonadaceae	0.304914855953424	0.082666214072618	0.168012040843992	0.518121945561328	0.163596649633316	0.143727298926686	0.0813238787283261	0.667277438390827	0.368435773804999	0.599793585958797	0.914496699522792
Propionibacteriaceae	0.313897677662807	0.881502937188015	0.0932112351053835	0.355413502368537	0.00627031671150953	0.08001652584346	0.0529199370457309	0.681514133296049	0.963338583023086	0.477115135624167	0.86797152741978
Chromobacteriaceae	0.317334337079252	0.161269120495077	0.558267288413648	0.826519705523151	0.0974115925017996	-0.0448221245828469	0.0203805867928059	0.681514133296049	0.483470886350175	0.864598569748316	0.9674765545271
Marinilabiliaceae	0.318190373492526	0.515270772864359	0.24480623268011	0.0844458812072534	0.0368028344332721	0.0736436285613678	0.134367463828814	0.681514133296049	0.806278618678945	0.670411762410817	0.613047287471906
Scytonemataceae	0.325024501689473	0.227355476775245	0.238893916041215	0.0979375834479128	0.158586144734608	0.175931603599799	0.309426225134071	0.688306654506812	0.562797983492819	0.668018172633769	0.62930106811212
Deinococcaceae	0.327027824485394	0.836305427441387	0.190940839371552	0.129166750040937	0.0204212184271608	0.149282112802769	0.215996860378334	0.688306654506812	0.950603748693376	0.613448228619241	0.672557905385568
Alcanivoracaceae	0.328199199499937	0.104647773026087	0.900943011800467	0.55912125470248	0.0834512927471818	-0.0070269135270001	0.040397123971859	0.688306654506812	0.400045917137701	0.96143035181534	0.914496699522792
Amoebophilaceae	0.333113210474842	0.0964609907674919	0.951601314854886	0.939073134380842	0.160763184973081	0.00650438975105031	0.0101126394611868	0.692465025145097	0.387019578441926	0.981669276423241	0.9898110293099
Oceanospirillaceae	0.334767859838358	0.330628657169197	0.070537885643525	0.463598880430109	0.0490398145469916	0.106264550052741	0.0525423381877428	0.692465025145097	0.664683938394177	0.416406470409284	0.897543533187451
Unclassified Actinobacteria Class	0.340685766751659	0.0986403016671592	0.289458512110371	0.96220065579335	-0.116419733529883	-0.0831222895291624	-0.00454699287343129	0.695568249165972	0.387019578441926	0.738810109865867	0.990706323398539
Gemmatimonadaceae	0.341231928110957	0.20653143689315	0.0978863721668478	0.327183238810111	-0.0874042500281968	-0.128394763675651	-0.0914187870267957	0.695568249165972	0.542326713583288	0.492694739906467	0.86797152741978
Unclassified Flavobacteriales Order	0.343177712336854	0.0870620785259866	0.222944104991323	0.389386448774396	0.289224057581028	0.232109352996105	0.20237794581137	0.695568249165972	0.370320390349971	0.647395381801726	0.86797152741978
Unclassified Mollicutes Class	0.348573721500364	0.0847229295861942	0.384209024299149	0.290601598917486	0.0969084629918917	0.0549376256056155	0.0830206814239726	0.697348120165526	0.368435773804999	0.818130128480589	0.86797152741978
Unclassified Spartobacteria Class	0.350549076810584	0.118091030366575	0.154925366275079	0.379258593096358	0.0983154638145885	0.100178805608633	0.0755200321982129	0.697348120165526	0.4263528793551	0.599793585958797	0.86797152741978
Thermoanaerobacteraceae	0.353038782852041	0.138538589746539	0.838352246882528	0.887808769303868	-0.173051600321911	0.0267744068497696	0.0229808621519139	0.697348120165526	0.448440038332009	0.955678236618742	0.989366229999145
Thermoactinomycetaceae	0.35566445670326	0.157004383272228	0.657960238435609	0.738480491315856	0.126311068508048	-0.0436354595621998	0.0402312724183099	0.697348120165526	0.483470886350175	0.907324164418055	0.959402910836175
Acidaminococcaceae	0.355987550931624	0.90051490477678	0.183543703356447	0.247901711631739	-0.0249455543907979	0.303357108053613	0.324881904610758	0.697348120165526	0.969879535776005	0.613448228619241	0.848445245385404
Unclassified Synechococcales Order	0.358257192193984	0.139580674182811	0.67253617040198	0.172494756489656	0.283570253645328	0.0892379907466103	0.355069319998364	0.697348120165526	0.448440038332009	0.921402836309236	0.746387730363199
Thermodesulfobiaceae	0.361532968230276	0.136565767495803	0.364715144162171	0.776021680277813	-0.265912467410324	-0.182720308086263	0.0708428893193863	0.697348120165526	0.448291975910135	0.818130128480589	0.959402910836175
Ectothiorhodospiraceae	0.363201304706777	0.56141358610247	0.894351216026476	0.161760328378952	0.0658570165057367	-0.016975844546455	-0.223823441052214	0.697348120165526	0.818525445129958	0.96143035181534	0.740176048037023
Candidatus Brocadiaceae	0.371418421651587	0.412060301710682	0.107932532817826	0.937818804561682	-0.0594725215877289	-0.133297958322429	0.0078599651152215	0.697348120165526	0.727732228752198	0.534354506737432	0.9898110293099
Unclassified Propionibacteriales Order	0.372196240774394	0.377855094526792	0.308077666562153	0.762294819297753	0.0459577150288249	-0.0597768295133772	-0.0216891398999233	0.697348120165526	0.692500842060851	0.755641525187735	0.959402910836175
Thermodesulfobacteriaceae	0.373591742745729	0.192673301346439	0.154316914885666	0.996805627956423	-0.108686178875584	-0.132522992955368	-0.000447302171016853	0.697348120165526	0.514932185899333	0.599793585958797	0.996805627956423
Prolixibacteraceae	0.374393514250446	0.0817254506543463	0.511880290651624	0.532092374946118	0.110484408537455	0.0455422877388094	0.052777861555921	0.697348120165526	0.368435773804999	0.859803870241338	0.914496699522792
Staphylococcaceae	0.376957691504326	0.854094818882879	0.900692746079344	0.115426269855098	0.0176813763212362	-0.013461035598097	-0.212051709930459	0.697348120165526	0.95961257984224	0.96143035181534	0.656503154908926
Anaerolineaceae	0.380289189615632	0.323044254680226	0.513238539287186	0.469575755773567	0.0760068907667066	-0.0566035551783035	-0.0774192947331886	0.697348120165526	0.659184898063705	0.859803870241338	0.897543533187451
Immundisolibacteraceae	0.380376849691663	0.118036704277781	0.89760265884613	0.358939756745999	0.178476643230543	0.0160939570159421	0.140358561136533	0.697348120165526	0.4263528793551	0.96143035181534	0.86797152741978
Moraxellaceae	0.382708635597483	0.28705359206841	0.859949572326574	0.122244159452788	0.100446083584815	0.0184464652554113	0.200431058240525	0.697348120165526	0.606225068564055	0.955678236618742	0.656503154908926
Coxiellaceae	0.383310556117474	0.132465481464978	0.209904126517799	0.869846580671252	0.10478080785369	0.0967293398537567	0.0152284646981933	0.697348120165526	0.439610718707948	0.633910462083752	0.981189176190034
Clostridiales Family XVII. Incertae Sedis	0.396857822064483	0.185057483973804	0.646648815564792	0.922969515186552	0.109275182824061	-0.0418621801659958	0.0108027473553103	0.717671031517808	0.507823921187891	0.90662869410237	0.9898110293099
Coprothermobacteraceae	0.401967762352532	0.329094107715867	0.320271904715332	0.479899516334648	0.143267575268936	0.163945098105538	-0.142902542668993	0.722584906133718	0.664683938394177	0.755641525187735	0.900659427169536
Emcibacteraceae	0.426744311727408	0.770673916018869	0.308111297811821	0.140162897151526	-0.0177536682686087	-0.0694996969938442	-0.123321543892105	0.748796313940601	0.923585407292454	0.755641525187735	0.705486582329349
Unclassified Negativicutes Class	0.428222122252947	0.265118866380815	0.686908853791586	0.577377853587772	0.062942660066492	-0.0251540383232334	-0.0423576181747668	0.748796313940601	0.58018766410874	0.921402836309236	0.914496699522792
Thermotogaceae	0.428543945943362	0.650115761034986	0.184829208025633	0.196892063849268	-0.0505231303053309	-0.166675302022778	-0.198261862929308	0.748796313940601	0.860075026675687	0.613448228619241	0.798488402824635
Rhodocyclaceae	0.429278799367169	0.635226856115755	0.206319229846626	0.9591419003006	0.0192162093989975	-0.0574715601326052	-0.00280582960337167	0.748796313940601	0.850386376921068	0.629377852663446	0.990706323398539
Pelagibacteraceae	0.431256747435239	0.175034633013394	0.422167017733681	0.745677073348618	0.176967891859578	0.11801720902335	-0.0589112039395527	0.748796313940601	0.498683577075897	0.844334035467363	0.959402910836175
Simkaniaceae	0.431425690813459	0.17795404121986	0.73775801703463	0.76440528055982	0.0575414673579546	-0.0157387489497821	0.0171404795543958	0.748796313940601	0.50226280792895	0.937506382874455	0.959402910836175
Thermaceae	0.435331509720085	0.24595554188858	0.541955254983003	0.862760373849108	-0.0930810335925907	0.0540969288609702	-0.0186175130910865	0.751257805345517	0.569674310665742	0.859803870241338	0.981189176190034
Unclassified Nostocales Order	0.442757266067827	0.126581332738013	0.782290094319082	0.93841999088769	-0.156935556602951	-0.0317767574144717	-0.011009897861926	0.759731217911839	0.432405353266214	0.937506382874455	0.9898110293099
Rhodobacteraceae	0.449786116479526	0.678804261807744	0.138012092933373	0.342648241041032	0.0324982233533517	0.131245016290622	0.101315831088975	0.767431678965067	0.870218008722486	0.587037353040544	0.86797152741978
Alcaligenaceae	0.458687400678331	0.146887469173015	0.383920476697228	0.990834470698142	0.140662056141037	0.0931231132828048	-0.00148773550262176	0.778222443847506	0.462083496773442	0.818130128480589	0.996805627956423
Pectobacteriaceae	0.474641330890336	0.118588218098769	0.500409555206041	0.560870430332705	0.218531978752296	0.103727989134468	0.108980967428334	0.800791519155763	0.4263528793551	0.859803870241338	0.914496699522792
Erwiniaceae	0.478479866753468	0.252447588587351	0.698679634155017	0.467474202732987	0.120909652322511	-0.0451652150735857	0.10341378743666	0.800894565011765	0.569674310665742	0.921402836309236	0.897543533187451
Peptococcaceae	0.480006345255396	0.69727113307456	0.129903812981031	0.80445049028251	0.0291412517547706	0.131018209057084	0.026200854246578	0.800894565011765	0.878260941327844	0.569451924600582	0.959402910836175
Unclassified Bradymonadales Order	0.484405027431722	0.580852311661587	0.205389424135903	0.205128630055734	0.0874818166711645	0.231507499682399	0.287806487215846	0.803792957606484	0.819707467858874	0.629377852663446	0.805025569510068
Thermoanaerobacterales Family III. Incertae Sedis	0.499905275269459	0.509524662530244	0.318614408621529	0.963873374242671	0.0549591652794777	-0.0938242728541442	0.00521478236305481	0.814827734219763	0.80143983377153	0.755641525187735	0.990706323398539
Solibacteraceae	0.505708442520462	0.792249345764409	0.517271173077692	0.28935051066476	-0.0357173479214201	0.100010900264748	-0.203849790497997	0.814827734219763	0.945688942374907	0.859803870241338	0.86797152741978
Alicyclobacillaceae	0.506137789841909	0.291315110136696	0.291120539980259	0.207920511330415	-0.145499212926303	-0.163312062202377	-0.240105974613726	0.814827734219763	0.60673905697436	0.738810109865867	0.805025569510068
Melioribacteraceae	0.506380117015868	0.160478848886947	0.832831242874708	0.43744519262206	0.0441612907327167	0.00729806606843394	0.0327902210470934	0.814827734219763	0.483470886350175	0.955678236618742	0.889243664040116
Rhodothermaceae	0.510147801429626	0.40786386778635	0.165917326143821	0.989402199754672	-0.0565048387565086	-0.106803465480437	-0.00124047461867842	0.814827734219763	0.724558165126339	0.599793585958797	0.996805627956423
Unclassified Bacteriovoracales Order	0.512913202638756	0.344672698055598	0.498666132636128	0.887465902312551	0.078930537651926	-0.062704715574966	-0.0159139130104382	0.814827734219763	0.668655485883945	0.859803870241338	0.989366229999145
Cyclobacteriaceae	0.514838116772325	0.719411750889122	0.6253129941219	0.226592733610278	-0.0302580283059166	0.0468770424226019	0.145219570646338	0.814827734219763	0.88947349506953	0.903562316865138	0.839332058426138
Microbacteriaceae	0.51818281492188	0.204146143625638	0.390101783116572	0.255657342152556	-0.113771005752401	-0.0866713138060623	-0.142369943249491	0.814827734219763	0.540808205043356	0.818130128480589	0.848445245385404
Unclassified Sphingomonadales Order	0.519665873393131	0.165260389232336	0.317631754215283	0.438732801132375	0.0843689636235994	0.0672023943982022	0.0632002476727907	0.814827734219763	0.48930036811927	0.755641525187735	0.889243664040116
Methylophilaceae	0.520051067946819	0.161690594441615	0.537080738390103	0.995699973998888	0.13096866350992	0.0637448757067825	0.000677369141126357	0.814827734219763	0.483470886350175	0.859803870241338	0.996805627956423
Unclassified Planctomycetales Order	0.520734280478193	0.568731352124305	0.283637369786567	0.544149653096715	0.0213919032680834	0.0450203887477741	-0.0308349704369063	0.814827734219763	0.818525445129958	0.732123809192677	0.914496699522792
Polyangiaceae	0.525633039924675	0.170532072144401	0.463518361210128	0.331416089983732	0.118993061317601	0.0702055320024003	0.113489585856541	0.818253495140473	0.498683577075897	0.853669246510155	0.86797152741978
Opitutaceae	0.529778427037038	0.941523947357914	0.202379860188322	0.557903842662192	-0.0062822778207269	0.122767245375171	0.0680970915028951	0.820477358795823	0.983067807770322	0.629377852663446	0.914496699522792
Comamonadaceae	0.535349981132661	0.172204504498098	0.684766686875868	0.965367513726829	0.199387615721377	0.065708650261071	-0.00861451434211869	0.822865693086676	0.498683577075897	0.921402836309236	0.990706323398539
Unclassified Epsilonproteobacteria Class	0.537638714568622	0.351348226805479	0.600021186134272	0.480197465995874	0.0323348023293597	0.0201812735325276	-0.0331467373157784	0.822865693086676	0.675841812071685	0.892642355726847	0.900659427169536
Planococcaceae	0.541755575293471	0.291081663637553	0.941968397754279	0.586357031095204	0.106971853627292	-0.00826297512076648	-0.0764056500065355	0.822865693086676	0.60673905697436	0.980462370874505	0.91669235941403
Oscillospiraceae	0.542219446769035	0.497320536642021	0.154167801582711	0.772956345982339	0.0894437831932576	0.216574387150484	0.0537763344290446	0.822865693086676	0.794660328390954	0.599793585958797	0.959402910836175
Halomonadaceae	0.553250795498784	0.836053184290586	0.90919708925694	0.186754372047442	-0.0319359143481672	0.0197860358386706	-0.28518198635905	0.828568999987464	0.950603748693376	0.965587340594432	0.780288096821141
Thioalkalispiraceae	0.557676372577144	0.184638289125365	0.738066679312477	0.967742931796586	0.0495841856802177	0.0138683462571593	-0.00205823852921619	0.828568999987464	0.507823921187891	0.937506382874455	0.990706323398539
Methylococcaceae	0.558190676345057	0.391603541829996	0.489149659574288	0.906631683553778	0.0775789425684503	-0.0702650758954824	-0.0146177774733426	0.828568999987464	0.708169279237477	0.858855797624622	0.9898110293099
Streptomycetaceae	0.561047516143677	0.665874592729835	0.187596147998073	0.389540597486385	-0.0235012170520791	-0.0813620461622534	-0.0649206022107927	0.828568999987464	0.869985365271833	0.613448228619241	0.86797152741978
Chthonomonadaceae	0.561686577103111	0.833461423592895	0.226023776340858	0.343744746117476	0.0245714615900194	0.16174220792841	0.156008790597018	0.828568999987464	0.950603748693376	0.650087432904181	0.86797152741978
Spiroplasmataceae	0.562439221845795	0.214390010045355	0.855208502932731	0.379103563324919	0.16391657516042	0.0269628400755936	0.161436396734549	0.828568999987464	0.542326713583288	0.955678236618742	0.86797152741978
Aerococcaceae	0.575287363472408	0.577866695357083	0.3720299830632	0.751724441211811	0.0411492647665107	-0.0746299534910242	0.0324818315810646	0.8423818573096	0.819322732384221	0.818130128480589	0.959402910836175
Dehalococcoidaceae	0.577394186963865	0.340187363450939	0.618303803314998	0.634729564154389	-0.0620487595431903	0.03591215977746	-0.0416616648993161	0.8423818573096	0.668655485883945	0.897826647379768	0.91846290486758
Chitinophagaceae	0.581168013267356	0.544954058844614	0.613085848500079	0.169731352520774	0.053283625480579	0.0503666346668869	0.171079040985307	0.843811250032411	0.818525445129958	0.897826647379768	0.746387730363199
Unclassified Clostridia Class	0.597480775944722	0.251017555801423	0.969578782679646	0.425821321989284	-0.164594875690406	-0.00613243791550592	-0.159035310858888	0.861106019013537	0.569674310665742	0.985901657808933	0.883853287269486
Natranaerobiaceae	0.599088016157794	0.370743751961809	0.748109779311189	0.613986771254774	-0.0341740544047223	0.0136899970111912	0.0264382573630291	0.861106019013537	0.692500842060851	0.937506382874455	0.91846290486758
Acidobacteriaceae	0.601633675535948	0.186650514078993	0.433124112815554	0.578373740426666	0.147522703542813	0.0985077126240432	0.0863146671755176	0.861106019013537	0.507823921187891	0.851602776150602	0.914496699522792
Kosmotogaceae	0.624845700169895	0.261977994634877	0.982399629123562	0.520559526139351	0.094189847433341	-0.00209622958665313	0.0760179633410423	0.887997144862011	0.577498937078343	0.988948959984386	0.914496699522792
Anaplasmataceae	0.626302622038438	0.944005510772825	0.331302340765636	0.337616506226374	-0.00515574640592285	-0.0798350542623933	-0.0958727359706339	0.887997144862011	0.983067807770322	0.775607030319552	0.86797152741978
Unclassified Gammaproteobacteria Class	0.631025088364112	0.344155523399861	0.729993466781311	0.816445523459924	0.097413611756515	-0.0400780723166868	-0.0333654535407057	0.890512040588607	0.668655485883945	0.937506382874455	0.959402910836175
Cytophagaceae	0.64260299185861	0.604822308557223	0.232263118804524	0.422339111476434	-0.0423845337036991	-0.110649035045653	-0.0908911509111721	0.902633039726978	0.834047201754709	0.655546372700618	0.883853287269486
Flammeovirgaceae	0.647584775333104	0.25276939612321	0.994641978339822	0.943925749805467	0.0939930494426125	-0.000612878957701633	0.00787313257699901	0.90447968607899	0.569674310665742	0.994641978339822	0.9898110293099
Unclassified Planctomycetes Phylum	0.654400045085586	0.634134146983099	0.682195590217921	0.382761961044472	0.0511258296669291	-0.0500948691683386	-0.133062495969559	0.90447968607899	0.850386376921068	0.921402836309236	0.86797152741978
Petrotogaceae	0.658576192251473	0.813359804725127	0.404459681123911	0.434801042833174	-0.0191171546166757	0.0772095013315758	0.0897289819911799	0.90447968607899	0.947041719999015	0.830930773465449	0.889243664040116
Bartonellaceae	0.666731910476528	0.226614830861141	0.749987884939038	0.599285345725982	0.0769096872573217	0.022692203405285	0.0462871615186469	0.90447968607899	0.562797983492819	0.937506382874455	0.91846290486758
Oscillatoriaceae	0.668168242004935	0.721592736066341	0.798149783719592	0.221555697719351	0.031357773270096	0.0256361664037657	0.153538380909755	0.90447968607899	0.88947349506953	0.952399748566101	0.836372758890549
Glycomycetaceae	0.67476978815323	0.333092076509156	0.386952435562563	0.354240087378416	-0.0994719428012791	-0.0999865723640188	-0.132065692029112	0.90447968607899	0.664683938394177	0.818130128480589	0.86797152741978
Xanthomonadaceae	0.677686116724897	0.241511137533568	0.48657310163211	0.51907678168136	-0.182584850553211	-0.119994658342879	-0.135254477343923	0.90447968607899	0.569674310665742	0.858855797624622	0.914496699522792
Enterococcaceae	0.678330209916559	0.979086125164611	0.374051200267913	0.375130901346937	-0.00283910225157766	-0.108101273255225	-0.131909756645577	0.90447968607899	0.988752507153605	0.818130128480589	0.86797152741978
Unclassified Corynebacteriales Order	0.678355364116969	0.435803603610394	0.745251270784935	0.538926516995059	-0.0384593761506545	-0.0179986699646626	0.0420371573867272	0.90447968607899	0.74357451011491	0.937506382874455	0.914496699522792
Unclassified Cytophagales Order	0.678623016471021	0.491221705525437	0.314033043541464	0.343882008642775	-0.0506792688811474	-0.083366967928877	-0.0961246777351578	0.90447968607899	0.794660328390954	0.755641525187735	0.86797152741978
Sutterellaceae	0.68583248332091	0.879295527304567	0.518580712896407	0.345981353318047	-0.0438206577076741	0.208197892551555	0.371945479091938	0.90447968607899	0.963338583023086	0.859803870241338	0.86797152741978
Unclassified Bacteroidales Order	0.686919053566518	0.235323970554684	0.570054553295693	0.575914130464061	-0.097007370923285	-0.0515356188309448	-0.0621189982219444	0.90447968607899	0.569674310665742	0.874627366323278	0.914496699522792
Unclassified candidate division Zixibacteria Phylum	0.687715900101137	0.697955714962525	0.232109224804163	0.724309474746862	-0.022808945834697	-0.0799100081196267	-0.0288788062723485	0.90447968607899	0.878260941327844	0.655546372700618	0.959402910836175
Unclassified Bacteroidia Class	0.69348445687848	0.803177091230338	0.50332299940073	0.400669761837156	-0.0317048619180148	0.0968633608268643	0.150992570241874	0.90447968607899	0.947041719999015	0.859803870241338	0.86797152741978
Rubrobacteraceae	0.695309209287208	0.427314994503293	0.654836381846405	0.856127050741581	0.0288649293765456	-0.0180379074270965	-0.00889228598405846	0.90447968607899	0.737423590514254	0.907158657420249	0.981189176190034
Unclassified Burkholderiales Order	0.69662490418154	0.882842486851276	0.386972149450163	0.347372316520778	0.0282688458403405	0.186511311071868	0.248355937551493	0.90447968607899	0.963338583023086	0.818130128480589	0.86797152741978
Unclassified Coriobacteriia Class	0.698902380521028	0.590682522223158	0.473425287950463	0.786821829435847	-0.0767937379113768	0.114063346931369	-0.0522095260490535	0.90447968607899	0.823666465138045	0.853669246510155	0.959402910836175
Halobacteroidaceae	0.699580448863826	0.544781289234194	0.804178595643562	0.460606080672413	0.0187384159102634	0.0086905749407903	-0.03215290474043	0.90447968607899	0.818525445129958	0.952399748566101	0.897543533187451
Blattabacteriaceae	0.702732873141013	0.448870577784838	0.740423835425683	0.276650999741578	0.0391488921286444	0.0189991115543575	0.0764493427399276	0.90447968607899	0.757312371458218	0.937506382874455	0.86797152741978
Kangiellaceae	0.709293148430816	0.485935102827275	0.474903711149853	0.662619283178438	0.0481037706374733	0.0548961675357354	-0.0407054010543284	0.90447968607899	0.793256221912632	0.853669246510155	0.940299441388596
Fimbriimonadaceae	0.710869140892712	0.759515428305883	0.712456126218495	0.361926959029983	-0.026724392691243	0.0358469533873482	0.108536280147486	0.90447968607899	0.918906365809324	0.931436147696906	0.86797152741978
Shewanellaceae	0.713608489643631	0.740655633002631	0.260980025590288	0.605926039682912	0.0326664900612664	0.124372354244714	0.0690110955673181	0.90447968607899	0.905578952092286	0.69748644007316	0.91846290486758
Syntrophomonadaceae	0.715226631835015	0.403707848640858	0.29672943673114	0.808314911477296	-0.0433949081525293	-0.0604933057056283	-0.0170002908655487	0.90447968607899	0.721594499791984	0.740597437130613	0.959402910836175
Rhodanobacteraceae	0.715796837658539	0.968230054109559	0.461649536512138	0.536172276789199	0.00378031651484068	-0.0781585628846992	0.0800325439840262	0.90447968607899	0.988752507153605	0.853669246510155	0.914496699522792
Selenomonadaceae	0.722793327086447	0.508669771315267	0.617173803600748	0.663191327866791	-0.171648202710398	0.145835951334009	-0.156417475935581	0.909008191209782	0.80143983377153	0.897826647379768	0.940299441388596
Cellvibrionaceae	0.725400576428998	0.562117954539692	0.85821352675557	0.466846638288973	0.0414812904050273	0.0141961510718284	-0.0705862588525699	0.909008191209782	0.818525445129958	0.955678236618742	0.897543533187451
Unclassified Proteobacteria Phylum	0.732379383931046	0.855296762186062	0.392932958253762	0.384624442277104	-0.0149449878184844	-0.0782548964852757	-0.0969250751022159	0.910789812911029	0.95961257984224	0.81838450615611	0.86797152741978
Calditrichaceae	0.732854054759536	0.594197011434016	0.340665236508627	0.397036567428816	-0.0538712269459253	-0.10764277738979	-0.11628140914867	0.910789812911029	0.823666465138045	0.791391549427735	0.86797152741978
Wenzhouxiangellaceae	0.738275047489393	0.573339839816652	0.350717494670234	0.853510309496715	0.0271005591217061	0.0509616904382858	-0.0124009727525125	0.910901625426542	0.818525445129958	0.808524300690158	0.981189176190034
Leuconostocaceae	0.738976484203651	0.989844041329786	0.313971804007298	0.713277863732573	-0.00175342695829993	-0.159424274382591	-0.0718522630170636	0.910901625426542	0.99313255973952	0.755641525187735	0.959402910836175
Marinifilaceae	0.746300768270938	0.482789005610504	0.860743312451317	0.44306036755887	-0.0912740809228842	0.0254921835039613	-0.137292913952955	0.912225233404049	0.793256221912632	0.955678236618742	0.892028206685192
Unclassified Kiritimatiellaeota Phylum	0.750757653800553	0.374513752848707	0.826657148096214	0.902770026346239	0.0701476839667336	-0.0192816928188598	0.0131901484599349	0.912225233404049	0.692500842060851	0.955678236618742	0.9898110293099
Egicoccaceae	0.752488282177815	0.504949059434018	0.965945449626662	0.349999058455874	-0.0967564778537209	-0.00689497616024341	-0.185423924216485	0.912225233404049	0.80143983377153	0.985525424956932	0.86797152741978
Bacillaceae	0.760311824293294	0.727821478570933	0.47861741367705	0.614141455251365	0.0590725019260898	0.135880246514224	-0.119089871630163	0.912225233404049	0.893504416782203	0.853669246510155	0.91846290486758
Vicinamibacteraceae	0.761192595569155	0.968533804032722	0.681157412595857	0.319627492814815	-0.00123868278906349	-0.0143717828878639	-0.0425866212343084	0.912225233404049	0.988752507153605	0.921402836309236	0.86797152741978
Unclassified Rhodospirillales Order	0.76272883323902	0.378353109072982	0.845772541856339	0.78443919401551	0.155483869808274	0.0388054882283268	-0.0676692863562392	0.912225233404049	0.692500842060851	0.955678236618742	0.959402910836175
Sandaracinaceae	0.76436957738267	0.360871214184351	0.94475016531285	0.995201200604245	0.118065176382774	-0.0101655146764109	-0.00109568158677754	0.912225233404049	0.689766497997937	0.980462370874505	0.996805627956423
Natrialbaceae	0.768471159989763	0.837286745537875	0.752153915103469	0.374961588991454	0.00687374518892422	-0.0119727951307698	-0.0418172529558343	0.912225233404049	0.950603748693376	0.937506382874455	0.86797152741978
Halanaerobiaceae	0.777729489384699	0.808871952479682	0.478226390092675	0.363330909231067	-0.0110251830371776	-0.0365432275231019	-0.0579182959854606	0.912225233404049	0.947041719999015	0.853669246510155	0.86797152741978
Unclassified Parachlamydiales Order	0.778254779758255	0.652176096386531	0.856980018720544	0.314514263544981	-0.0649621906742364	-0.0293073822561909	-0.203408960499799	0.912225233404049	0.860075026675687	0.955678236618742	0.86797152741978
Desulfobulbaceae	0.779244963704265	0.941332567606746	0.383733492273166	0.648951319510886	0.00528102808657719	-0.0708539304791726	-0.0455498854257373	0.912225233404049	0.983067807770322	0.818130128480589	0.928830798541647
Spirochaetaceae	0.78083120688518	0.524232809573777	0.648886103981422	0.792454642269401	-0.0822744550066879	0.0663280444441223	-0.04730811451447	0.912225233404049	0.811888761493748	0.90662869410237	0.959402910836175
Paludibacteraceae	0.781499094865475	0.621196719625295	0.853822298021116	0.405217317876495	-0.0528511980817161	0.0218962294055322	-0.120886463287474	0.912225233404049	0.841261925232463	0.955678236618742	0.86797152741978
Zoogloeaceae	0.783000122956741	0.417026443539213	0.767220613216204	0.746632099127273	0.0544980460316118	0.022167817891976	-0.0296612490469891	0.912225233404049	0.727988358085795	0.937506382874455	0.959402910836175
Unclassified Tenericutes Phylum	0.785359472467062	0.389747754867285	0.875448017417208	0.800824161867288	0.234449670353746	-0.0474389979635891	0.0932366061662018	0.912225233404049	0.708169279237477	0.959575247733903	0.959402910836175
Unclassified Tissierellia Class	0.799012950516992	0.641621618537449	0.651451743775544	0.631628295630675	0.0523638801531418	-0.0569860048913765	-0.0742813074461476	0.919835208115181	0.853611140080659	0.90662869410237	0.91846290486758
Endomicrobiaceae	0.800210176871771	0.710703423215475	0.525253177799498	0.729552443967664	-0.0494386317872602	0.0970717883993904	0.065516155974328	0.919835208115181	0.886100587763568	0.859803870241338	0.959402910836175
Unclassified Verrucomicrobia Phylum	0.802154102275414	0.680037914101016	0.570535070085052	0.688200311872885	0.039845854982732	-0.0622371982760997	-0.054495274275782	0.919835208115181	0.870218008722486	0.874627366323278	0.957771862606503
Nitrosomonadaceae	0.804094354113933	0.495341781173777	0.634438845945307	0.374635779609958	-0.101241275164332	-0.0784369796967637	-0.178869496349446	0.919835208115181	0.794660328390954	0.904711963695511	0.86797152741978
Hungateiclostridiaceae	0.812196774183126	0.867464351976595	0.421878339834987	0.485481074042483	0.0249131047744318	0.137296619323982	0.147906597466972	0.921482442350454	0.95961257984224	0.844334035467363	0.900659427169536
Hyphomicrobiaceae	0.81465202752466	0.806919969816051	0.86726372033342	0.427293311064056	0.0110290432523473	-0.00846881511058569	-0.0496638601376942	0.921482442350454	0.947041719999015	0.959390635680194	0.883853287269486
Anaeromyxobacteraceae	0.820509496359592	0.797077611296265	0.474768228213483	0.935214641363533	0.0139517523008506	-0.0438133449444813	0.00612448192242332	0.921482442350454	0.947041719999015	0.853669246510155	0.9898110293099
Parachlamydiaceae	0.826341240915229	0.88678187443847	0.578466275543137	0.496112185501006	0.0178497941715252	-0.0790598540113378	-0.120018033044353	0.921482442350454	0.963338583023086	0.882307147545593	0.913527455009181
Clostridiaceae	0.827973785873344	0.976963150415953	0.462674061602606	0.789171005314599	-0.00320915158252945	0.0922318307201049	-0.041268044338654	0.921482442350454	0.988752507153605	0.853669246510155	0.959402910836175
Tepidiformaceae	0.828280347420699	0.463189812831885	0.853071946068736	0.762288609604788	-0.0784026582284341	-0.022357327837967	0.0452332601837892	0.921482442350454	0.777129574862385	0.955678236618742	0.959402910836175
Aquificaceae	0.833757472734625	0.973794233708744	0.54414952935365	0.631767399520496	-0.00178206435197503	-0.036765552521708	0.0354002044064616	0.921482442350454	0.988752507153605	0.859803870241338	0.91846290486758
Rickettsiaceae	0.834119146124914	0.434740098176544	0.876962809187276	0.844346123665564	0.0902855993457363	0.0200963241782285	-0.0314479156103633	0.921482442350454	0.74357451011491	0.959575247733903	0.981189176190034
Hymenobacteraceae	0.835742586439489	0.886143028393851	0.480542291081875	0.759540595784913	0.0223761090248222	0.126301968224608	-0.0678950387384984	0.921482442350454	0.963338583023086	0.853669246510155	0.959402910836175
Listeriaceae	0.836046984119286	0.485445489917534	0.443688178673881	0.570415402157683	-0.0644058467378728	-0.0787433132381744	-0.0708619951940715	0.921482442350454	0.793256221912632	0.853669246510155	0.914496699522792
Christensenellaceae	0.842801298497859	0.574594021084607	0.979534047475244	0.635624990454716	0.0599227529120706	0.00311843455033831	-0.0716348257972292	0.924196302571489	0.818525445129958	0.988948959984386	0.91846290486758
Hafniaceae	0.844629733475931	0.619852915055808	0.876010704329826	0.401143064844972	0.0616424257605651	0.0218221097393297	0.145507822487874	0.924196302571489	0.841261925232463	0.959575247733903	0.86797152741978
Dysgonamonadaceae	0.853466218833564	0.589315977597144	0.750989299532523	0.667843878159809	0.0645224719384577	0.0428998722322243	-0.0718429527373938	0.929459742534611	0.823666465138045	0.937506382874455	0.942471267309638
Helicobacteraceae	0.85559539213451	0.574460263020425	0.459250664375376	0.537515917376477	-0.0610649993659455	-0.0899711150494674	-0.0914767466257475	0.929459742534611	0.818525445129958	0.853669246510155	0.914496699522792
Unclassified Xanthomonadales Order	0.889411977534423	0.481177536010276	0.695024199047058	0.961525986951526	0.0716223677987671	0.044256012185246	-0.00661985786706438	0.962732678191383	0.793256221912632	0.921402836309236	0.990706323398539
Acidothermaceae	0.894997413205878	0.478325077515788	0.591052663201546	0.859735185278572	-0.0831305086259245	-0.0707436834437085	-0.0285992565435585	0.965318638529196	0.793256221912632	0.884362189840636	0.981189176190034
Coriobacteriaceae	0.899023899441368	0.496489765557332	0.697971844600295	0.593110138616457	-0.295806578833466	-0.187448116947653	-0.314354304570233	0.966210738901399	0.794660328390954	0.921402836309236	0.91846290486758
Unclassified Betaproteobacteria Class	0.902441215084415	0.549843441392171	0.551798306790048	0.629354068101594	-0.124402377667058	-0.138714025811377	-0.137951854469422	0.966444138140047	0.818525445129958	0.859803870241338	0.91846290486758
Methylobacteriaceae	0.905878727937227	0.671213874530917	0.780373912529215	0.775993876134097	0.0419209733671945	-0.0309952876002671	-0.0390014377948463	0.966474909183008	0.869985365271833	0.937506382874455	0.959402910836175
Entomoplasmataceae	0.91751271619613	0.6363818582257	0.896861244640892	0.534827033735533	-0.0267582228083548	-0.00820208622904785	-0.0482556975056207	0.966474909183008	0.850386376921068	0.96143035181534	0.914496699522792
Sinobacteraceae	0.918681372025352	0.919568324092934	0.552324340486158	0.932749447089059	0.00831498185750897	-0.0545721673020823	-0.00940848637142555	0.966474909183008	0.981306126770551	0.859803870241338	0.9898110293099
Mycoplasmataceae	0.919011255705459	0.935839986188606	0.511760214158078	0.781030716730598	0.00673292359570537	0.0618929526378626	0.0322211588944127	0.966474909183008	0.983067807770322	0.859803870241338	0.959402910836175
Nocardioidaceae	0.920528072760674	0.546386700931048	0.77991118133949	0.602588680716494	-0.0375730187132199	-0.0193398980439155	-0.0439308474959779	0.966474909183008	0.818525445129958	0.937506382874455	0.91846290486758
Bacteroidaceae	0.927437407931412	0.534404460645378	0.963440456154908	0.798669249206987	0.0735690244811663	0.0061428480185753	0.0423742527153465	0.966474909183008	0.818525445129958	0.985525424956932	0.959402910836175
Gallionellaceae	0.927547415879062	0.752992435743477	0.618370671043019	0.564700762180513	-0.0295920349170491	-0.0522318633810636	-0.0736241116656141	0.966474909183008	0.916950466106976	0.897826647379768	0.914496699522792
Unclassified Lactobacillales Order	0.92807193265918	0.520434393732325	0.763883006576099	0.700052299664809	-0.0425882980853029	-0.0225166935728574	-0.0357782882295263	0.966474909183008	0.810160757253414	0.937506382874455	0.959402910836175
Sterolibacteriaceae	0.934219285301569	0.767864367806975	0.587152648213644	0.897239986563377	-0.0319489418233822	-0.0662090752634563	0.0193643028516147	0.969533416361079	0.923585407292454	0.884362189840636	0.9898110293099
Deferribacteraceae	0.943616197492151	0.936705517759794	0.92599774813104	0.55051993994765	-0.00664571657028536	-0.00864912702175667	-0.0677995688698894	0.973868126354758	0.983067807770322	0.976740873186479	0.914496699522792
Legionellaceae	0.944845566297828	0.617141891113838	0.931461494959291	0.814570242327609	-0.0629665466452098	0.012153300717516	-0.0407910202210201	0.973868126354758	0.841261925232463	0.976740873186479	0.959402910836175
Erythrobacteraceae	0.956197061847993	0.678420799859177	0.617360436564306	0.904126596112868	-0.0117412336458038	-0.0158594675669413	-0.0046845094986373	0.981050415536917	0.870218008722486	0.897826647379768	0.9898110293099
Ichthyobacteriaceae	0.958310836368842	0.953230646858506	0.63812539901891	0.870724169599103	0.00511911163472831	-0.0459968948606593	-0.0194756672128719	0.981050415536917	0.985875532024893	0.904759955416482	0.981189176190034
Unclassified Oscillatoriales Order	0.966105569797729	0.810150403910785	0.846241342639154	0.782700567965242	-0.0131598014506348	0.0118182574532526	0.020459141193097	0.982587817936455	0.947041719999015	0.955678236618742	0.959402910836175
Vibrionaceae	0.966319807705719	0.86545836950342	0.821317051329968	0.749515195289836	-0.0139143422722813	0.020954252412758	-0.0366169954665348	0.982587817936455	0.95961257984224	0.955678236618742	0.959402910836175
Xanthobacteraceae	0.973063323858255	0.863562227383725	0.759067953886494	0.921665142904502	-0.0236767339386308	0.048137571161763	-0.0191443316682218	0.984576093478924	0.95961257984224	0.937506382874455	0.9898110293099
Sporomusaceae	0.974795536258935	0.958419784479475	0.776958215428147	0.685987632333165	0.00517610509195119	0.0318437633155387	0.0562607812532422	0.984576093478924	0.987859300043691	0.937506382874455	0.957771862606503
Lactobacillaceae	0.985792730225318	0.866131044201249	0.836353056197364	0.884224151291732	0.0259182712007227	-0.0354865995080687	-0.0305961474944781	0.990242572927429	0.95961257984224	0.955678236618742	0.989366229999145
Eggerthellaceae	0.986963624010451	0.828399180649691	0.930396433319479	0.861337382227335	0.0426014309344611	-0.0192625351718483	-0.0473529242522356	0.990242572927429	0.950603748693376	0.976740873186479	0.981189176190034
Caulobacteraceae	0.998785022419728	0.9768542392515	0.882644822124293	0.921175956282178	0.00257273062355008	0.0148314213088218	0.0123078274445847	0.998785022419728	0.988752507153605	0.96143035181534	0.9898110293099
