bugName	pval	p3M	p1Y	s3M	s1Y	Adjustedpval	Adjustedp3M	Adjustedp1Y
Enterobacteriaceae	2.26760721311337e-10	2.01389005771421e-10	3.50725263357553e-09	1.65764992759522	1.55601831122964	1.19956421573697e-07	1.06534784053082e-07	1.85533664316145e-06
Unclassified Enterobacterales Order	2.48875338010324e-05	1.79698379758529e-05	0.000120207750814954	0.677592245701106	0.642979348790879	0.00658275269037306	0.00475302214461308	0.0317949500905554
Streptococcaceae	0.00315384907356342	0.00102104764686998	0.0225331776175521	0.765329950513361	0.547900497618402	0.556128719971683	0.180044735064739	0.981192919187751
Unclassified Chlamydiia Class	0.00817604149301876	0.00394276887325377	0.0203972800405651	-0.350425982639854	-0.312739322769874	0.999814542879428	0.521431183487811	0.981192919187751
Unclassified Parachlamydiales Order	0.0135152678358379	0.614242079112759	0.0125818778071642	-0.0341625020587543	0.210037972092284	0.999814542879428	0.996984005012762	0.981192919187751
Ruminococcaceae	0.0166368062475475	0.00718441598575117	0.0384421253177027	-0.421144567519269	-0.356032095488324	0.999814542879428	0.760111211292474	0.981192919187751
Pasteurellaceae	0.0182029998233573	0.18201581023725	0.0052311190530883	0.240563175146853	0.626319094813885	0.999814542879428	0.990805303278817	0.922420659694569
Silvanigrellaceae	0.0250360033987731	0.0125511658620839	0.997514031720055	-0.310381653009447	-0.00041096835019739	0.999814542879428	0.990805303278817	0.999307003333253
Veillonellaceae	0.0368063332699309	0.028176827250117	0.0305136818253687	0.529268652900037	0.59963580936049	0.999814542879428	0.990805303278817	0.981192919187751
Akkermansiaceae	0.0400246956490503	0.0638856744232317	0.0181579400995737	0.621285417876698	0.935043258436207	0.999814542879428	0.990805303278817	0.981192919187751
Microcystaceae	0.0414112196501958	0.0178506608789782	0.0782275750305079	-0.202807545612874	-0.169709896277752	0.999814542879428	0.990805303278817	0.981192919187751
Desulfovibrionaceae	0.0423314325250154	0.762704817249168	0.027577310574942	-0.0442573520671711	0.404364891686999	0.999814542879428	0.996984005012762	0.981192919187751
Unclassified Methanomicrobia Class	0.0481656854579278	0.0163740291252607	0.1654292272303	-0.253641500740596	-0.162254703191271	0.999814542879428	0.990805303278817	0.981192919187751
Methanocaldococcaceae	0.0533684696784904	0.0327624576156429	0.0532204975588142	-0.215388289491746	-0.224138409340508	0.999814542879428	0.990805303278817	0.981192919187751
Oleiphilaceae	0.0587578590258364	0.020997102921444	0.159508044466721	-0.28186610656515	-0.190881673187936	0.999814542879428	0.990805303278817	0.981192919187751
Desulfurellaceae	0.0610750801111428	0.022797509306554	0.136648279817587	-0.276552166522984	-0.199184190384357	0.999814542879428	0.990805303278817	0.981192919187751
Chelatococcaceae	0.0727342381837863	0.0599971191724389	0.0493444912402289	0.163988896328051	0.200848884704024	0.999814542879428	0.990805303278817	0.981192919187751
Mesoaciditogaceae	0.0845197960026359	0.206861449523309	0.030555180688556	-0.156689262776937	-0.327640763466592	0.999814542879428	0.990805303278817	0.981192919187751
Actinomycetaceae	0.0899526728130891	0.0311280170186333	0.249712921930673	0.290896191716055	0.168337075161896	0.999814542879428	0.990805303278817	0.984944015394336
Hapalosiphonaceae	0.0905079390473091	0.0322677367530541	0.2267091847257	-0.211300670845014	-0.131844146261526	0.999814542879428	0.990805303278817	0.983025891146683
Unclassified Bacteroidales Order	0.091910643046932	0.0578697138187538	0.0738820065259536	-0.170600561230761	-0.182763504283553	0.999814542879428	0.990805303278817	0.981192919187751
Unclassified Aeromonadales Order	0.0954359894634842	0.967681380858549	0.0523107778190251	-0.00724575601284026	0.411854289951642	0.999814542879428	0.996984005012762	0.981192919187751
Halobacteroidaceae	0.0987191903393435	0.0457658220960632	0.126485503031469	-0.192512663566582	-0.167414494457489	0.999814542879428	0.990805303278817	0.981192919187751
Spiroplasmataceae	0.0987504560322469	0.0495760079450745	0.109722886646861	-0.210250326036016	-0.195030029256972	0.999814542879428	0.990805303278817	0.981192919187751
Selenomonadaceae	0.101009406813386	0.0678593346949421	0.733869741834187	-0.301865163919975	0.0626488056918694	0.999814542879428	0.990805303278817	0.984944015394336
Unclassified Thermotogae Class	0.101865940655974	0.109863744414552	0.0521889160936031	0.203259467950843	0.292509980225358	0.999814542879428	0.990805303278817	0.981192919187751
Borreliaceae	0.106988508483116	0.0624811211545136	0.0950745036791347	-0.154682997323988	-0.159654092663916	0.999814542879428	0.990805303278817	0.981192919187751
Methanosarcinaceae	0.109294875672336	0.0557441178939868	0.11652468851206	-0.152242302433506	-0.142828630508544	0.999814542879428	0.990805303278817	0.981192919187751
Beutenbergiaceae	0.11339198285374	0.063135203566776	0.106245581459965	0.193694535468826	0.193834722020712	0.999814542879428	0.990805303278817	0.981192919187751
Prolixibacteraceae	0.114495527203234	0.100790823779217	0.0664243687703158	-0.180357777891219	-0.236861557929106	0.999814542879428	0.990805303278817	0.981192919187751
Chroococcaceae	0.115928200753688	0.469979664258398	0.124353254144462	-0.0837862235027894	0.212094059719844	0.999814542879428	0.990805303278817	0.981192919187751
Candidatus Brocadiaceae	0.122454954933682	0.0446231241098483	0.524414219067137	-0.2647756396993	-0.0909384569858778	0.999814542879428	0.990805303278817	0.984944015394336
Blattabacteriaceae	0.127553689622164	0.0671375290453397	0.118105131900392	-0.215678983047794	-0.206514431384925	0.999814542879428	0.990805303278817	0.981192919187751
Baekduiaceae	0.141181444110476	0.0631326156661084	0.179386136884972	0.249512763402622	0.20518212219935	0.999814542879428	0.990805303278817	0.981192919187751
Crocinitomicaceae	0.141593765623903	0.0860205311569115	0.113420179768517	-0.161487270847291	-0.172579139100084	0.999814542879428	0.990805303278817	0.981192919187751
Trueperaceae	0.142090880889769	0.179225326586031	0.063874545148103	0.16498518824524	0.272165875571824	0.999814542879428	0.990805303278817	0.981192919187751
Symbiobacteriaceae	0.145363896442211	0.151570324998263	0.0724539897748127	0.148155364041013	0.220141244648303	0.999814542879428	0.990805303278817	0.981192919187751
Ferrimonadaceae	0.145808708043394	0.810253909643539	0.0623177723694374	0.0170132386217831	0.161706894760852	0.999814542879428	0.996984005012762	0.981192919187751
Halanaerobiaceae	0.149194438745509	0.0554989048487581	0.328762564660097	-0.150582317796653	-0.0859530364699186	0.999814542879428	0.990805303278817	0.984944015394336
Elusimicrobiaceae	0.152827076714861	0.0582585206220944	0.606990862543924	-0.177312563178932	-0.0535106977857633	0.999814542879428	0.990805303278817	0.984944015394336
Phycisphaeraceae	0.15426808208214	0.114520322341801	0.0989400757115287	0.180299469059191	0.220892623031842	0.999814542879428	0.990805303278817	0.981192919187751
Hafniaceae	0.15729076348706	0.0982967325495264	0.114316103909262	0.319036250986354	0.347107400984767	0.999814542879428	0.990805303278817	0.981192919187751
Dysgonamonadaceae	0.157905723186201	0.0982324187981068	0.119357268966261	-0.203019512906178	-0.221207765207814	0.999814542879428	0.990805303278817	0.981192919187751
Simkaniaceae	0.159412574108756	0.0895601848638284	0.138044677362691	-0.200327241631782	-0.20255330575311	0.999814542879428	0.990805303278817	0.981192919187751
Sulfolobaceae	0.162161753022564	0.0698094986872965	0.216156569984316	-0.171444673666369	-0.132362927312514	0.999814542879428	0.990805303278817	0.981192919187751
Unclassified Selenomonadales Order	0.165402466225043	0.0639494611957676	0.626027773274148	-0.364756952439971	-0.107277503639896	0.999814542879428	0.990805303278817	0.984944015394336
Paludibacteraceae	0.165493405013896	0.147652654697222	0.0892689954138514	-0.175206335298446	-0.241320039174818	0.999814542879428	0.990805303278817	0.981192919187751
Enterococcaceae	0.169609547427534	0.101949106528759	0.88617541780722	0.261351137834872	-0.024714650038435	0.999814542879428	0.990805303278817	0.984944015394336
Dermacoccaceae	0.169902839856232	0.12042024486399	0.111364063779355	0.198476178439445	0.237517963420401	0.999814542879428	0.990805303278817	0.981192919187751
Campylobacteraceae	0.17164206465261	0.085918426257914	0.167302087272566	-0.124450879392814	-0.113575012486896	0.999814542879428	0.990805303278817	0.981192919187751
Unclassified Phycisphaerae Class	0.173639688424904	0.159822848234452	0.0921379119144127	0.160053879623304	0.226925680163436	0.999814542879428	0.990805303278817	0.981192919187751
Ilumatobacteraceae	0.176664700629988	0.165131697413181	0.0915491740215844	0.150300503481435	0.214886683144344	0.999814542879428	0.990805303278817	0.981192919187751
Prochloraceae	0.17779988841947	0.0999016830309202	0.147625507772111	-0.183963528560096	-0.185832324436716	0.999814542879428	0.990805303278817	0.981192919187751
Pelagibacteraceae	0.178396738081601	0.111992184773571	0.129113183794081	-0.192865594802738	-0.212148306132382	0.999814542879428	0.990805303278817	0.981192919187751
Unclassified Negativicutes Class	0.17947915521552	0.456709023358711	0.193389837723585	-0.0821597908171021	0.170634630900645	0.999814542879428	0.990805303278817	0.981192919187751
Unclassified Halanaerobiales Order	0.180438166815285	0.287357298418168	0.0728522770113739	-0.0862203568041343	-0.174694492783575	0.999814542879428	0.990805303278817	0.981192919187751
Methanomassiliicoccaceae	0.181536931353749	0.559940077345547	0.0693295775234266	0.0549654091655795	0.209959041329875	0.999814542879428	0.991257356416617	0.981192919187751
Chlamydiaceae	0.182779497336724	0.0953382755978975	0.166490476300807	-0.160153890631473	-0.151551130097597	0.999814542879428	0.990805303278817	0.981192919187751
Sandaracinaceae	0.18390831881336	0.0829200238941045	0.218844214589889	0.225184540266026	0.181724035690106	0.999814542879428	0.990805303278817	0.981192919187751
Unclassified Armatimonadetes Phylum	0.183951293987105	0.150684700968357	0.105543720489407	0.127981104465165	0.169767057150192	0.999814542879428	0.990805303278817	0.981192919187751
Unclassified Desulfovibrionales Order	0.193733213990606	0.88459821589433	0.110582031059896	-0.0197665899103362	0.2618366093841	0.999814542879428	0.996984005012762	0.981192919187751
Unclassified Deltaproteobacteria Class	0.197294666360058	0.560275897105044	0.0764819602610557	0.0606364944058676	0.22392512990354	0.999814542879428	0.991257356416617	0.981192919187751
Roseiflexaceae	0.199508903564504	0.766205332994034	0.0848940155219369	0.036428684725147	0.256362980757236	0.999814542879428	0.996984005012762	0.981192919187751
Merismopediaceae	0.199523778833643	0.141143951184781	0.128251519241758	-0.110611966801071	-0.133826426231642	0.999814542879428	0.990805303278817	0.981192919187751
Unclassified Epsilonproteobacteria Class	0.200283142242718	0.106566578025147	0.174926973204517	-0.178535069379735	-0.171566071357908	0.999814542879428	0.990805303278817	0.981192919187751
Bacteroidaceae	0.203460637848502	0.173785482836996	0.110557904942998	-0.11634742990743	-0.160121267696832	0.999814542879428	0.990805303278817	0.981192919187751
Bartonellaceae	0.205791934201187	0.167800647899802	0.115297100764699	-0.129611946895243	-0.173000959600105	0.999814542879428	0.990805303278817	0.981192919187751
Iamiaceae	0.206399779383567	0.0903657293050292	0.259193684526533	0.217733566498514	0.164835084597435	0.999814542879428	0.990805303278817	0.984944015394336
Unclassified Marinilabiliales Order	0.207944988216801	0.112051809166767	0.179341662899685	-0.197645387422155	-0.192057921743243	0.999814542879428	0.990805303278817	0.981192919187751
Micrococcaceae	0.215821353864615	0.101889913317242	0.221248414759898	0.223780388626492	0.187870597600785	0.999814542879428	0.990805303278817	0.981192919187751
Unclassified Methanomassiliicoccales Order	0.21595885289754	0.532691345185764	0.0845094926900932	-0.0582591628893723	-0.194921835875798	0.999814542879428	0.991257356416617	0.981192919187751
Orbaceae	0.21637113658149	0.08942827233968	0.696975213114065	-0.187138114849914	-0.048083571333142	0.999814542879428	0.990805303278817	0.984944015394336
Wenzhouxiangellaceae	0.223883319570623	0.147320285588453	0.150746263300537	0.212779699130586	0.245285641566572	0.999814542879428	0.990805303278817	0.981192919187751
Spirochaetaceae	0.225141802028843	0.219834859350529	0.112626315565332	-0.1108179862898	-0.17070765645231	0.999814542879428	0.990805303278817	0.981192919187751
Aphanizomenonaceae	0.226147958025821	0.0997740423528734	0.27521112318197	-0.164697134467734	-0.123693428087387	0.999814542879428	0.990805303278817	0.984944015394336
Thermoanaerobacterales Family III. Incertae Sedis	0.227298122558043	0.13545236661854	0.169837261956711	-0.1279310380378	-0.13595593025529	0.999814542879428	0.990805303278817	0.981192919187751
Magnetococcaceae	0.231437925589062	0.115811212408672	0.221544387528059	0.140066847216406	0.125093670803005	0.999814542879428	0.990805303278817	0.981192919187751
Thermoanaerobacterales Family IV. Incertae Sedis	0.238282555500422	0.117385656937446	0.234042984667538	-0.149234674320434	-0.130340058862597	0.999814542879428	0.990805303278817	0.984944015394336
Unclassified Coriobacteriales Order	0.240860482854056	0.132498170591526	0.195642608665347	0.210871342837552	0.207781715476868	0.999814542879428	0.990805303278817	0.981192919187751
Unclassified Methanomicrobiales Order	0.243008445670929	0.126956976870476	0.9783114989484	-0.129429758708436	0.00260672541933191	0.999814542879428	0.990805303278817	0.9975968131822
Methanocorpusculaceae	0.245969366335289	0.098614700685651	0.468164062290585	-0.174582395027224	-0.0857287068042663	0.999814542879428	0.990805303278817	0.984944015394336
Erysipelotrichaceae	0.246535510578718	0.106594152817082	0.313372319724189	-0.153015083140687	-0.10749372377634	0.999814542879428	0.990805303278817	0.984944015394336
Hydrogenophilaceae	0.250187849950831	0.819051064228259	0.112292032289194	0.0245459417234195	0.206450180930081	0.999814542879428	0.996984005012762	0.981192919187751
Nitrososphaeraceae	0.253932433977014	0.571968968898388	0.103089577892617	-0.0688087841977316	-0.239115159026176	0.999814542879428	0.996984005012762	0.981192919187751
Cyanothecaceae	0.256257491596758	0.187716270717695	0.154419770866976	0.144326442473897	0.182836832893901	0.999814542879428	0.990805303278817	0.981192919187751
Unclassified Candidatus Bipolaricaulota Phylum	0.257865454317137	0.238673320168375	0.128902694320032	0.173280567802877	0.260346194575076	0.999814542879428	0.990805303278817	0.981192919187751
Rhodospirillaceae	0.258590202678764	0.985927829915194	0.131926638970256	0.00126527486803103	0.130298076632714	0.999814542879428	0.996984005012762	0.981192919187751
Thermotogaceae	0.258943077479676	0.250780948607458	0.126718417461582	-0.129949935992362	-0.20262631188199	0.999814542879428	0.990805303278817	0.981192919187751
Oceanospirillaceae	0.261537316087098	0.120573278468451	0.288047685545605	-0.14571402925823	-0.113647051590901	0.999814542879428	0.990805303278817	0.984944015394336
Cellulomonadaceae	0.262443859977551	0.123479598065136	0.279068550885382	0.16890025327143	0.136012169657072	0.999814542879428	0.990805303278817	0.984944015394336
Unclassified candidate division Zixibacteria Phylum	0.263730998134467	0.250794262126082	0.13109259988839	0.130255034701123	0.201757333255307	0.999814542879428	0.990805303278817	0.981192919187751
Gemmataceae	0.264987934264142	0.143934661846022	0.220291502110438	0.163156380375143	0.158003995389715	0.999814542879428	0.990805303278817	0.981192919187751
Frankiaceae	0.266928939761556	0.50341871793689	0.108937272021261	0.056377073409082	0.162769001058374	0.999814542879428	0.990805303278817	0.981192919187751
Unclassified Holosporales Order	0.272303519887298	0.570114384634106	0.240361497825696	-0.0442994556973069	0.108286476907511	0.999814542879428	0.996984005012762	0.984944015394336
Unclassified Pseudomonadales Order	0.273849834779974	0.113156760490441	0.586901541909532	-0.215219894063353	-0.0832822503232818	0.999814542879428	0.990805303278817	0.984944015394336
Fusobacteriaceae	0.27596815105835	0.277318639231894	0.129012372659678	0.149529043430495	0.238375155501892	0.999814542879428	0.990805303278817	0.981192919187751
Unclassified Campylobacterales Order	0.281205222480028	0.252570817857058	0.561776797967073	-0.0976701372499602	0.0568429079348246	0.999814542879428	0.990805303278817	0.984944015394336
Desulfurobacteriaceae	0.281527780114063	0.508043235909613	0.116357125189034	-0.050663953877127	-0.144436496730001	0.999814542879428	0.990805303278817	0.981192919187751
Chloroflexaceae	0.285770424090762	0.808737091977891	0.180477905703306	-0.0246702407534308	0.163124264373444	0.999814542879428	0.996984005012762	0.981192919187751
Desulfomicrobiaceae	0.287671193549423	0.818020876916793	0.131508338286019	0.0184513381104079	0.145794417299232	0.999814542879428	0.996984005012762	0.981192919187751
Hahellaceae	0.290822792934789	0.122268664732973	0.612392201288849	-0.131411981153136	-0.0486990892525122	0.999814542879428	0.990805303278817	0.984944015394336
Thioalkalibacteraceae	0.297691972559174	0.139394069537769	0.320897549452881	0.164058853993594	0.12639951760845	0.999814542879428	0.990805303278817	0.984944015394336
Marinifilaceae	0.297812929004945	0.22854236365835	0.168634871834607	-0.172380083567517	-0.229284781886481	0.999814542879428	0.990805303278817	0.981192919187751
Vallitaleaceae	0.297972331919455	0.213771832202857	0.719513456053678	-0.0988484508268437	0.0323212775568584	0.999814542879428	0.990805303278817	0.984944015394336
Legionellaceae	0.300599922941679	0.24460703983738	0.163707468682957	-0.110486188854203	-0.154716336842161	0.999814542879428	0.990805303278817	0.981192919187751
Sutterellaceae	0.300656103757009	0.239889670256229	0.637294483384678	-0.220817770720341	0.101348988139141	0.999814542879428	0.990805303278817	0.984944015394336
Dermocarpellaceae	0.307443229849466	0.209947179898514	0.192947115167484	-0.149765890052909	-0.180951602816085	0.999814542879428	0.990805303278817	0.981192919187751
Natranaerobiaceae	0.309699131716603	0.137975561615131	0.383963089573432	-0.151248616502929	-0.101385180303326	0.999814542879428	0.990805303278817	0.984944015394336
Flavobacteriaceae	0.310031252524475	0.226470662199548	0.18254670288941	-0.138502880855565	-0.177514174769426	0.999814542879428	0.990805303278817	0.981192919187751
Glycomycetaceae	0.310242956539643	0.136439923652973	0.404929576928584	0.145625349254119	0.0931170877755817	0.999814542879428	0.990805303278817	0.984944015394336
Unclassified Fusobacteriales Order	0.311692589264536	0.636018985334412	0.133816078609572	0.0503768136283197	0.190763294533654	0.999814542879428	0.996984005012762	0.981192919187751
Unclassified Ignavibacteriales Order	0.312386433148357	0.146825884003547	0.333070812275131	0.232520500994164	0.177510193345307	0.999814542879428	0.990805303278817	0.984944015394336
Limnochordaceae	0.318686476377028	0.338530091525068	0.150465869619183	0.0899211178460827	0.160283903167623	0.999814542879428	0.990805303278817	0.981192919187751
Unclassified Bacteroidia Class	0.31899318066022	0.162628362782767	0.288381073252214	-0.205420732488148	-0.179400762503153	0.999814542879428	0.990805303278817	0.984944015394336
Clostridiales Family XVII. Incertae Sedis	0.322099910645917	0.18800935956336	0.240315265989253	0.126654442297063	0.131151103666147	0.999814542879428	0.990805303278817	0.984944015394336
Coprothermobacteraceae	0.322393279068816	0.145178580240222	0.390545594265521	-0.178236181732719	-0.12010999722158	0.999814542879428	0.990805303278817	0.984944015394336
Scytonemataceae	0.325716824689354	0.205972564819377	0.218022718950154	-0.164934640489134	-0.185245961986567	0.999814542879428	0.990805303278817	0.981192919187751
Syntrophobacteraceae	0.32625652030731	0.836937477686613	0.153282219189022	0.0134415379368456	0.112401090353454	0.999814542879428	0.996984005012762	0.981192919187751
Holosporaceae	0.326709297596622	0.143017940840912	0.43757697967841	-0.152677725557996	-0.0912665852293362	0.999814542879428	0.990805303278817	0.984944015394336
Mycoplasmataceae	0.330481305701545	0.148415967023173	0.734295012766689	-0.1256572952261	-0.0333453066013338	0.999814542879428	0.990805303278817	0.984944015394336
Sphingobacteriaceae	0.330655799118777	0.2419087158256	0.194097206574866	-0.141078458784105	-0.182173573172748	0.999814542879428	0.990805303278817	0.981192919187751
Muribaculaceae	0.33179296779563	0.233851405873023	0.200668417859184	-0.166810535432282	-0.208134204111216	0.999814542879428	0.990805303278817	0.981192919187751
Archaeoglobaceae	0.334261946734944	0.38681325054688	0.152993796882199	-0.099569101296178	-0.194871032504221	0.999814542879428	0.990805303278817	0.981192919187751
Acidilobaceae	0.334596673317695	0.17674898383868	0.287408459875235	-0.175397079123237	-0.159739174332875	0.999814542879428	0.990805303278817	0.984944015394336
Salinivirgaceae	0.335673975865595	0.274307845099947	0.181555724532382	-0.144067532237354	-0.205725357880161	0.999814542879428	0.990805303278817	0.981192919187751
Rikenellaceae	0.336801708531356	0.162475250573964	0.334264806092167	0.195552821004377	0.153246379726941	0.999814542879428	0.990805303278817	0.984944015394336
Sporomusaceae	0.337771154146798	0.147249190543034	0.496424088417506	-0.0988893307064011	-0.0531225169400724	0.999814542879428	0.990805303278817	0.984944015394336
Unclassified Silvanigrellales Order	0.340146468991176	0.240498651775358	0.204666453144086	-0.167655208701806	-0.210050497159882	0.999814542879428	0.990805303278817	0.981192919187751
Yersiniaceae	0.340408019086034	0.327947465908462	0.167202361427434	0.0739925353507815	0.122421398081109	0.999814542879428	0.990805303278817	0.981192919187751
Unclassified Bacteroidetes Phylum	0.340727580924691	0.165329201023625	0.322491527414803	-0.184790092771469	-0.146122661515292	0.999814542879428	0.990805303278817	0.984944015394336
Unclassified Candidatus Saccharibacteria Phylum	0.344087156033011	0.152774825937186	0.447809545327067	0.172948885842258	0.103806961997561	0.999814542879428	0.990805303278817	0.984944015394336
Thermomicrobiaceae	0.344853117744047	0.440964639877855	0.154125694806614	0.0776276178169964	0.170451124394758	0.999814542879428	0.990805303278817	0.981192919187751
Unclassified Tissierellales Order	0.346538735991296	0.160451829252273	0.775987272352096	-0.248677371579798	-0.0567498992684714	0.999814542879428	0.990805303278817	0.984944015394336
Unclassified Gammaproteobacteria Class	0.348124734945981	0.263833595993262	0.197001195819047	0.107055272633231	0.143022905785187	0.999814542879428	0.990805303278817	0.981192919187751
Chitinophagaceae	0.350490966741624	0.25373756818858	0.205860607155855	-0.148027931098234	-0.189783182191855	0.999814542879428	0.990805303278817	0.981192919187751
Tsukamurellaceae	0.352872612223727	0.513195941584869	0.155201522760284	0.0701088524578011	0.18128415438459	0.999814542879428	0.990805303278817	0.981192919187751
Lichenihabitantaceae	0.354967100181073	0.50941848167211	0.156403696124592	0.0864853136835078	0.219854282476883	0.999814542879428	0.990805303278817	0.981192919187751
Unclassified Haloferacales Order	0.354991169821576	0.501589317152557	0.156387216750557	0.112443678338872	0.277553211471271	0.999814542879428	0.990805303278817	0.981192919187751
Unclassified Cyanobacteria Phylum	0.358019562093775	0.241974765093877	0.225475649469747	-0.111894719141483	-0.134819180273711	0.999814542879428	0.990805303278817	0.983025891146683
Aeromonadaceae	0.359800257289562	0.540947417379174	0.158542422945592	0.084600500506735	0.230337068184071	0.999814542879428	0.991257356416617	0.981192919187751
Barnesiellaceae	0.360003718950131	0.307036820710254	0.188484273484526	-0.137173158582156	-0.205282869126762	0.999814542879428	0.990805303278817	0.981192919187751
Unclassified Spirochaetia Class	0.361209693916666	0.940448350176683	0.1839915558383	0.00744561304346271	0.159401993162163	0.999814542879428	0.996984005012762	0.981192919187751
Unclassified Legionellales Order	0.365232771956065	0.988692701082035	0.193716830478011	-0.00144788379509778	-0.159220673797103	0.999814542879428	0.996984005012762	0.981192919187751
Porphyromonadaceae	0.365708899178692	0.191222541180413	0.315346800169835	-0.185945016801787	-0.16361069491946	0.999814542879428	0.990805303278817	0.984944015394336
Parvularculaceae	0.366432378725711	0.948688435481283	0.188397879801897	0.00426451881032705	0.104740481168076	0.999814542879428	0.996984005012762	0.981192919187751
Clostridiaceae	0.37382876123039	0.213176003971402	0.949751908606723	-0.0908410524998455	0.00517526341789602	0.999814542879428	0.990805303278817	0.9975968131822
Bifidobacteriaceae	0.379601010132677	0.423150540053125	0.177270036416442	-0.145997213067397	-0.287380012942916	0.999814542879428	0.990805303278817	0.981192919187751
Bacteriovoracaceae	0.38338670492617	0.268609025816367	0.234039344178643	-0.0914286224752762	-0.114680853151041	0.999814542879428	0.990805303278817	0.984944015394336
Thiotrichaceae	0.384688584676633	0.603331518559975	0.17297165761153	-0.0577557192494524	-0.179073821370263	0.999814542879428	0.996984005012762	0.981192919187751
Unclassified Nitriliruptoria Class	0.385464341956669	0.36758236575768	0.543281707784631	0.0944374320714298	-0.0735063745082244	0.999814542879428	0.990805303278817	0.984944015394336
Staphylococcaceae	0.386222825833109	0.184748112049343	0.406289557391913	-0.107149950849288	-0.0763822239942553	0.999814542879428	0.990805303278817	0.984944015394336
Morganellaceae	0.388571299515958	0.346466634727205	0.198915342796848	0.110305751319377	0.174757217133764	0.999814542879428	0.990805303278817	0.981192919187751
Oscillospiraceae	0.388716805232251	0.292359059839773	0.221523905309772	-0.159951382658082	-0.21470266324446	0.999814542879428	0.990805303278817	0.981192919187751
Planococcaceae	0.38892460315417	0.294094023115108	0.22257684367208	-0.083353482075959	-0.112945724274252	0.999814542879428	0.990805303278817	0.981192919187751
Kosmotogaceae	0.389505603417569	0.448872655074425	0.181434398094009	-0.0954145866705946	-0.19806033839282	0.999814542879428	0.990805303278817	0.981192919187751
Coxiellaceae	0.390095219949785	0.42540266989842	0.185497578930628	-0.0679116457206644	-0.133777560184433	0.999814542879428	0.990805303278817	0.981192919187751
Colwelliaceae	0.391292159116177	0.202960945057164	0.918285797814738	-0.140422113568043	-0.0126510988137444	0.999814542879428	0.990805303278817	0.99340120049897
Methanothermaceae	0.39484055195585	0.187947084297459	0.78666839739365	0.200580479679898	0.0468202505304945	0.999814542879428	0.990805303278817	0.984944015394336
Sanguibacteraceae	0.396937426217632	0.432484116495367	0.189041138577569	0.105007333989102	0.207884712955087	0.999814542879428	0.990805303278817	0.981192919187751
Clostridiales Family XVI. Incertae Sedis	0.398231485472832	0.182025681142985	0.525882668219878	-0.122590309793002	-0.0665830843983301	0.999814542879428	0.990805303278817	0.984944015394336
Euzebyaceae	0.404132323887776	0.256497621700533	0.272565836525427	0.113455831604915	0.12781868980304	0.999814542879428	0.990805303278817	0.984944015394336
Unclassified Flavobacteriales Order	0.404646555111438	0.205068177781467	0.373195454424004	-0.169084897320847	-0.135464911783262	0.999814542879428	0.990805303278817	0.984944015394336
Sedimentisphaeraceae	0.406989789122156	0.403435366368267	0.200859929021809	-0.0907226225350409	-0.163496548351508	0.999814542879428	0.990805303278817	0.981192919187751
Unclassified Bacteriovoracales Order	0.407786932607756	0.462331083329883	0.193498015773204	-0.0457583577650724	-0.0966611625061078	0.999814542879428	0.990805303278817	0.981192919187751
Synergistaceae	0.408411691416807	0.432299483856019	0.197382212566681	0.087598015677415	0.170384340439907	0.999814542879428	0.990805303278817	0.981192919187751
Unclassified Candidatus Korarchaeota Phylum	0.408970480508195	0.191865936923548	0.723322455985934	-0.260216318163995	-0.0797094889342653	0.999814542879428	0.990805303278817	0.984944015394336
Flammeovirgaceae	0.409842066616462	0.337845704306186	0.222004464388995	-0.115720177760761	-0.172528251172117	0.999814542879428	0.990805303278817	0.981192919187751
Candidatus Midichloriaceae	0.41031443151479	0.226199209621085	0.999307003333253	-0.173221989199699	-0.000140604328692892	0.999814542879428	0.990805303278817	0.999307003333253
Unclassified Oligoflexia Class	0.410428341688906	0.379484341721638	0.557734207227917	-0.0948821659871774	0.0736271396913057	0.999814542879428	0.990805303278817	0.984944015394336
Methanococcaceae	0.411518091138806	0.412695552533062	0.201652610194166	-0.0820984716087713	-0.149634080789589	0.999814542879428	0.990805303278817	0.981192919187751
Unclassified Thermoanaerobacterales Order	0.415428845342686	0.353855898667245	0.609155375907251	-0.0677154481595545	0.0432849806021404	0.999814542879428	0.990805303278817	0.984944015394336
Candidatus Methanomethylophilaceae	0.417468555191704	0.487378164832882	0.443377257854312	0.149577380045036	-0.193056884885287	0.999814542879428	0.990805303278817	0.984944015394336
Helicobacteraceae	0.419791327796444	0.313506915501073	0.243543617905021	-0.0886893227063404	-0.119680069115959	0.999814542879428	0.990805303278817	0.984944015394336
Lacipirellulaceae	0.422117694597354	0.396619346345864	0.214102911798574	-0.0854039565467176	-0.147190971067742	0.999814542879428	0.990805303278817	0.981192919187751
Piscirickettsiaceae	0.422140439566614	0.20140557289411	0.46979834875936	-0.118280715114269	-0.0763086898537802	0.999814542879428	0.990805303278817	0.984944015394336
Candidatus Paracaedibacteraceae	0.425065998424791	0.354054485488634	0.644117261236572	-0.148740828338844	0.084115590445075	0.999814542879428	0.990805303278817	0.984944015394336
Unclassified Bacillales Order	0.431094613374923	0.28244128389893	0.2723912885184	0.119550428686405	0.137899385477789	0.999814542879428	0.990805303278817	0.984944015394336
Calotrichaceae	0.431566022021767	0.235314345845097	0.354303191257963	-0.0906748354789952	-0.0815010475429571	0.999814542879428	0.990805303278817	0.984944015394336
Methanocellaceae	0.433584928097836	0.291154713375859	0.798964499806036	-0.118436740322483	0.0326559084309965	0.999814542879428	0.990805303278817	0.984944015394336
Tolypothrichaceae	0.43442294874303	0.719230601515447	0.206110631678736	0.0438136362179291	0.183609085145569	0.999814542879428	0.996984005012762	0.981192919187751
Tissierellaceae	0.43652899985811	0.241528485544757	0.351310674428749	-0.0976197878396406	-0.0896660948718712	0.999814542879428	0.990805303278817	0.984944015394336
Beijerinckiaceae	0.438389058462612	0.245207266168561	0.348534464973795	-0.110021344920426	-0.102800961057089	0.999814542879428	0.990805303278817	0.984944015394336
Unclassified Acidobacteriia Class	0.440538568702982	0.225707561336187	0.410672222578132	0.218433423639331	0.170778733378647	0.999814542879428	0.990805303278817	0.984944015394336
Chroococcidiopsidaceae	0.441341547651321	0.402452982660994	0.574992050415131	-0.11137390260839	0.0864641095021556	0.999814542879428	0.990805303278817	0.984944015394336
Unclassified Euryarchaeota Phylum	0.445400069860795	0.288370334880639	0.295135556434619	0.0964873354835584	0.110788945290222	0.999814542879428	0.990805303278817	0.984944015394336
Acaryochloridaceae	0.451903193306095	0.361065435992277	0.25367326213906	0.116123235071258	0.171211632046288	0.999814542879428	0.990805303278817	0.984944015394336
Coriobacteriaceae	0.454363748276734	0.29119967469187	0.298546288983255	0.185941476077637	0.209184401720614	0.999814542879428	0.990805303278817	0.984944015394336
Methylophilaceae	0.454520282584658	0.285285594710317	0.880423701094637	-0.110790407243869	0.0176169949676908	0.999814542879428	0.990805303278817	0.984944015394336
Unclassified Spartobacteria Class	0.4546768372641	0.217259427091239	0.690986023043908	-0.181063492829437	-0.0665169003087874	0.999814542879428	0.990805303278817	0.984944015394336
Unclassified Deinococci Class	0.455695904383196	0.603822880239206	0.216338183894104	0.0752582878282119	0.212968305359236	0.999814542879428	0.996984005012762	0.981192919187751
Thermococcaceae	0.455786155852155	0.297485325249245	0.29926174068391	-0.104259323609495	-0.120690491490168	0.999814542879428	0.990805303278817	0.984944015394336
Bacillaceae	0.462905757299914	0.249978947447378	0.391663422937077	-0.0853438753543908	-0.0731754268643599	0.999814542879428	0.990805303278817	0.984944015394336
Unclassified Frankiales Order	0.463550163338612	0.228319306607211	0.495403610815226	0.139271461371692	0.0906091203723947	0.999814542879428	0.990805303278817	0.984944015394336
Psychromonadaceae	0.467940744478282	0.388910774301764	0.642840381038782	-0.0843661968868983	0.052294321352487	0.999814542879428	0.990805303278817	0.984944015394336
Kineosporiaceae	0.469651311815844	0.391912842464677	0.256577338273188	0.0912001718909813	0.141859959782808	0.999814542879428	0.990805303278817	0.984944015394336
Unclassified Deinococcales Order	0.47005653909259	0.749428484950174	0.230460923627674	-0.0429619053083417	-0.190754895082858	0.999814542879428	0.996984005012762	0.984944015394336
Unclassified Thermotogales Order	0.47167749384505	0.226847445935591	0.626660911860604	-0.175782016338661	-0.0782406700125038	0.999814542879428	0.990805303278817	0.984944015394336
Rubrobacteraceae	0.471838617255019	0.319715404294712	0.30141374975228	0.106928345129109	0.129869288699306	0.999814542879428	0.990805303278817	0.984944015394336
Nitrospiraceae	0.471986911150648	0.35494777027311	0.276314482490394	-0.0844274361401691	-0.116454548384977	0.999814542879428	0.990805303278817	0.984944015394336
Pyrodictiaceae	0.47304387588952	0.397134518985234	0.257058147860859	-0.162000876847588	-0.253539364301636	0.999814542879428	0.990805303278817	0.984944015394336
Melioribacteraceae	0.474864568796592	0.471206343329062	0.239969105948171	-0.0805612131230889	-0.154437509645913	0.999814542879428	0.990805303278817	0.984944015394336
Salinisphaeraceae	0.478552704786703	0.749775151208621	0.235553666167965	0.03448246024794	0.152327972804527	0.999814542879428	0.996984005012762	0.984944015394336
Nitrosopumilaceae	0.479785349284178	0.452400899215102	0.24728749157541	-0.0651591814399841	-0.117565450581213	0.999814542879428	0.990805303278817	0.984944015394336
Aphanothecaceae	0.487047019907124	0.345241729355595	0.298044691420724	-0.0832448304407742	-0.106737121611166	0.999814542879428	0.990805303278817	0.984944015394336
Dehalococcoidaceae	0.492090486112632	0.335505161319028	0.311520492252493	-0.095433719421992	-0.116331009126574	0.999814542879428	0.990805303278817	0.984944015394336
Unclassified Spirochaetales Order	0.501213171643392	0.505172660484127	0.255325507837944	-0.0868840943423934	-0.174806890565838	0.999814542879428	0.990805303278817	0.984944015394336
Unclassified Cytophagales Order	0.501240944609348	0.477956594636154	0.259076220297572	-0.109239423024399	-0.202765115179996	0.999814542879428	0.990805303278817	0.984944015394336
Unclassified Sphingomonadales Order	0.503379709761603	0.365146144364034	0.751111965831535	-0.0853800120798442	0.0344405022216645	0.999814542879428	0.990805303278817	0.984944015394336
Thermodesulfobacteriaceae	0.50595381276734	0.298569044231641	0.377236018869337	-0.108270931361125	-0.105884052789365	0.999814542879428	0.990805303278817	0.984944015394336
Thermoanaerobacteraceae	0.508300276731159	0.283892663761379	0.416787272823525	-0.0766012184870343	-0.0671577858280371	0.999814542879428	0.990805303278817	0.984944015394336
Cohaesibacteraceae	0.510306470789495	0.457895816143661	0.272550643250212	0.0809879407909314	0.140851249401252	0.999814542879428	0.990805303278817	0.984944015394336
Gomontiellaceae	0.512729910484425	0.702645032864129	0.397245836113794	-0.0316104408172511	0.082160550996163	0.999814542879428	0.996984005012762	0.984944015394336
Cytophagaceae	0.515951074077249	0.429805758162857	0.285281374241857	-0.0925881059559251	-0.146195105050598	0.999814542879428	0.990805303278817	0.984944015394336
Gloeobacteraceae	0.518910414392298	0.77336563517902	0.263915462662633	0.02906885003223	0.133583296102559	0.999814542879428	0.996984005012762	0.984944015394336
Segniliparaceae	0.521210523086769	0.507864403652109	0.269860278971074	0.0935250358825374	0.181675832764709	0.999814542879428	0.990805303278817	0.984944015394336
Pseudoalteromonadaceae	0.527718443087827	0.27915693457864	0.487744766481325	-0.114991254599695	-0.0842439043937219	0.999814542879428	0.990805303278817	0.984944015394336
Sphaerobacteraceae	0.530326166839161	0.506123410637272	0.278286067338902	0.0821629328964853	0.157026739332502	0.999814542879428	0.990805303278817	0.984944015394336
Unclassified Pirellulales Order	0.531550703128076	0.297286222025832	0.4437808523292	-0.133329444023466	-0.113896390442023	0.999814542879428	0.990805303278817	0.984944015394336
Promicromonosporaceae	0.532631012964933	0.321858764295552	0.392457479890497	0.0928959159960251	0.0931539822364238	0.999814542879428	0.990805303278817	0.984944015394336
Saprospiraceae	0.535358532700056	0.314757603736669	0.409180274811387	-0.130690233745991	-0.124126928118155	0.999814542879428	0.990805303278817	0.984944015394336
Cyclobacteriaceae	0.535410010826958	0.389710965331186	0.325248910833525	-0.109593834420037	-0.145668904183731	0.999814542879428	0.990805303278817	0.984944015394336
Unclassified Rhodospirillales Order	0.537613338151613	0.533819765918212	0.554372349840941	0.0873499287144989	-0.0955985802193519	0.999814542879428	0.991257356416617	0.984944015394336
Anaplasmataceae	0.540792331268551	0.407713517793391	0.321084690710679	-0.0931741557825411	-0.130066275204987	0.999814542879428	0.990805303278817	0.984944015394336
Unclassified Rickettsiales Order	0.542123548766306	0.280039075085067	0.766200854358342	-0.12133406613974	-0.0378750565059659	0.999814542879428	0.990805303278817	0.984944015394336
Hydrogenothermaceae	0.543964183055245	0.276454853921109	0.670945865118129	-0.0898550903915086	-0.0402308560079901	0.999814542879428	0.990805303278817	0.984944015394336
Syntrophomonadaceae	0.545102755945145	0.447534961079634	0.30813406461822	-0.08379674481221	-0.131740206721554	0.999814542879428	0.990805303278817	0.984944015394336
Peptococcaceae	0.551598320616745	0.293157370432319	0.526022197207202	-0.0753326460432552	-0.0524393700306924	0.999814542879428	0.990805303278817	0.984944015394336
Chthonomonadaceae	0.55662458402911	0.29743474172776	0.843274284260793	-0.127995539784688	-0.0278406255869638	0.999814542879428	0.990805303278817	0.984944015394336
Acidaminococcaceae	0.557788255149966	0.446527953624302	0.684731616372738	-0.102685204948537	0.0638567225417463	0.999814542879428	0.990805303278817	0.984944015394336
Deferribacteraceae	0.557999082328649	0.3442646918327	0.402978642341368	-0.104568098476314	-0.106951892216118	0.999814542879428	0.990805303278817	0.984944015394336
Unclassified Clostridia Class	0.563539062394349	0.300981411069778	0.539523883114519	-0.09801959378348	-0.0671002640440182	0.999814542879428	0.990805303278817	0.984944015394336
Caedimonadaceae	0.57406430278917	0.432501451638975	0.34699650525119	0.0965715128165158	0.13556199380913	0.999814542879428	0.990805303278817	0.984944015394336
Methanopyraceae	0.575930813156056	0.638153925089858	0.500815669029793	-0.0563468635248453	0.0942065874587381	0.999814542879428	0.996984005012762	0.984944015394336
Brachyspiraceae	0.578561420772012	0.344944442139963	0.443021496419501	-0.100981099207247	-0.0946479697552304	0.999814542879428	0.990805303278817	0.984944015394336
Puniceicoccaceae	0.582122493753309	0.359583228410186	0.425326422734876	0.10383423780593	0.104518570030835	0.999814542879428	0.990805303278817	0.984944015394336
Vulgatibacteraceae	0.582568321986834	0.507396528667824	0.323867537814935	0.0796261206306575	0.137671372470038	0.999814542879428	0.990805303278817	0.984944015394336
Alicyclobacillaceae	0.582906159370189	0.451414930275021	0.346708418496237	0.0760907582771842	0.111238576403671	0.999814542879428	0.990805303278817	0.984944015394336
Fervidobacteriaceae	0.585989225278343	0.365968315581907	0.422148697778309	-0.0882039634637225	-0.0904155142010038	0.999814542879428	0.990805303278817	0.984944015394336
Peptostreptococcaceae	0.588207976411741	0.351996961821311	0.445435670886116	-0.0848452262883794	-0.079239320659522	0.999814542879428	0.990805303278817	0.984944015394336
Chrysiogenaceae	0.588692599559566	0.338497203937119	0.951385250070717	0.0818828891701146	0.00600515957024895	0.999814542879428	0.990805303278817	0.9975968131822
Bernardetiaceae	0.588980739412173	0.501537975032718	0.331497607145897	-0.0810574318198239	-0.135743193194801	0.999814542879428	0.990805303278817	0.984944015394336
Picrophilaceae	0.589481890950217	0.503622727450191	0.33039691284871	-0.114369503266594	-0.191596321000852	0.999814542879428	0.990805303278817	0.984944015394336
Unclassified Sedimentisphaerales Order	0.595869602884864	0.738836483684464	0.469493811101816	-0.0334191320084482	0.082119337070987	0.999814542879428	0.996984005012762	0.984944015394336
Moraxellaceae	0.598619386521062	0.36604671464933	0.446649731523586	-0.0856570886421988	-0.0830921331911809	0.999814542879428	0.990805303278817	0.984944015394336
Immundisolibacteraceae	0.598673644062054	0.329046872926672	0.558235452160437	0.104802098523477	0.0728684697505705	0.999814542879428	0.990805303278817	0.984944015394336
Unclassified Balneolaeota Phylum	0.598768754200428	0.553652487153868	0.605848481653078	-0.0607512886439202	0.0615258094314804	0.999814542879428	0.991257356416617	0.984944015394336
Chamaesiphonaceae	0.598926927624294	0.632290243150273	0.319023021604419	-0.0645388614860981	-0.154981042821932	0.999814542879428	0.996984005012762	0.984944015394336
Leuconostocaceae	0.599483506656133	0.410517171014038	0.392967841098849	-0.0778359095709463	-0.0933957825586373	0.999814542879428	0.990805303278817	0.984944015394336
Desulfohalobiaceae	0.60011956537453	0.894997610547543	0.336467960810714	0.0120780274579676	0.104083628089869	0.999814542879428	0.996984005012762	0.984944015394336
Candidatus Nanopelagicaceae	0.600507620901889	0.327182212937864	0.825172328019492	-0.0845616304819972	-0.0219473426661836	0.999814542879428	0.990805303278817	0.984944015394336
Unclassified Oceanospirillales Order	0.602388144145226	0.592252836099651	0.572637692397084	-0.0479926657221599	0.0586677960062047	0.999814542879428	0.996984005012762	0.984944015394336
Sporichthyaceae	0.605813773109997	0.332525620216169	0.574314319321194	0.109761433227897	0.0736456130368119	0.999814542879428	0.990805303278817	0.984944015394336
Unclassified Coriobacteriia Class	0.60780363914021	0.368615433919021	0.462256302752999	0.124949410495167	0.117751019794961	0.999814542879428	0.990805303278817	0.984944015394336
Unclassified Oscillatoriales Order	0.611166767576576	0.36242303010776	0.983441388241898	-0.0947094081367786	-0.00249599508113701	0.999814542879428	0.990805303278817	0.9975968131822
Leptotrichiaceae	0.61186745190613	0.609950791055069	0.33251196385045	-0.0397824275429533	-0.0885844070222928	0.999814542879428	0.996984005012762	0.984944015394336
Sterolibacteriaceae	0.612123750421536	0.966856704665453	0.361097473885729	0.00336518775886347	0.0867934972078876	0.999814542879428	0.996984005012762	0.984944015394336
Waddliaceae	0.612561219712547	0.470739698383984	0.369976190700314	-0.107864708288551	-0.155831890482811	0.999814542879428	0.990805303278817	0.984944015394336
Thermoactinomycetaceae	0.614023204228051	0.40875744206837	0.419142487078928	-0.0655156817414233	-0.0744761195193483	0.999814542879428	0.990805303278817	0.984944015394336
Nostocaceae	0.615408835508766	0.367339246480648	0.981435358380117	-0.0819555648471834	-0.00242241616800648	0.999814542879428	0.990805303278817	0.9975968131822
Prevotellaceae	0.615861807224529	0.387160290043416	0.450219227142973	-0.184998167675805	-0.187495220922952	0.999814542879428	0.990805303278817	0.984944015394336
Unclassified Entomoplasmatales Order	0.621869906875308	0.378142876514321	0.993698502474277	-0.116771046245169	0.00120300110257621	0.999814542879428	0.990805303278817	0.9975968131822
Unclassified Burkholderiales Order	0.624015427009083	0.397065056898983	0.451694789567674	-0.0660406093161611	-0.0681751965292165	0.999814542879428	0.990805303278817	0.984944015394336
Unclassified Acidimicrobiales Order	0.624156575036324	0.638583998952906	0.340115376669884	0.0529741348864477	0.124987104767862	0.999814542879428	0.996984005012762	0.984944015394336
Litoricolaceae	0.628269172126643	0.443992068047585	0.820835399067628	-0.0949479167135928	0.032522886372043	0.999814542879428	0.990805303278817	0.984944015394336
Marinilabiliaceae	0.628559157468337	0.422075674718372	0.424973619847331	-0.123250343633271	-0.14068086007091	0.999814542879428	0.990805303278817	0.984944015394336
Pseudanabaenaceae	0.631099790051966	0.347081708891236	0.63380812826745	0.102635471172216	0.0598802144601875	0.999814542879428	0.990805303278817	0.984944015394336
Geodermatophilaceae	0.631344761545952	0.503870310288731	0.378456057543289	0.0585664495233257	0.0907128441033848	0.999814542879428	0.990805303278817	0.984944015394336
Rhodobiaceae	0.631401548708351	0.511629228351951	0.705344931432841	-0.055772883929735	0.037338416533485	0.999814542879428	0.990805303278817	0.984944015394336
Chlorobiaceae	0.632772469532342	0.487847201694388	0.385520734255396	-0.0747298144025018	-0.108668925162708	0.999814542879428	0.990805303278817	0.984944015394336
Brucellaceae	0.635925593203505	0.479507836835226	0.393269879468698	-0.0741536513552174	-0.103746884456909	0.999814542879428	0.990805303278817	0.984944015394336
Unclassified Planctomycetales Order	0.636683769137199	0.846704663382573	0.439771487831105	-0.0158004720579296	0.0743557134970449	0.999814542879428	0.996984005012762	0.984944015394336
Xanthobacteraceae	0.638656253292789	0.438662502845399	0.428866893298948	0.0853403358318435	0.101533616946709	0.999814542879428	0.990805303278817	0.984944015394336
Endomicrobiaceae	0.642512051478242	0.716724761378921	0.353629046947868	-0.055325618662446	-0.165146099445136	0.999814542879428	0.996984005012762	0.984944015394336
Acidimicrobiaceae	0.642712124943022	0.473081259193376	0.406785997175421	0.126929641183524	0.170570540298609	0.999814542879428	0.990805303278817	0.984944015394336
Heliobacteriaceae	0.644427129156863	0.739682368427611	0.503460916450252	-0.0297650889930331	0.0702248551625664	0.999814542879428	0.996984005012762	0.984944015394336
Methylacidiphilaceae	0.644468342586024	0.74392286200904	0.355793164557376	-0.0464797597184778	-0.154559838017222	0.999814542879428	0.996984005012762	0.984944015394336
Dermatophilaceae	0.647353286874372	0.758566270130877	0.358821949336934	0.0298962133426934	0.104964994252151	0.999814542879428	0.996984005012762	0.984944015394336
Rickettsiaceae	0.655743157553563	0.420235564452739	0.480210517089797	-0.0831344241394565	-0.0843861608469241	0.999814542879428	0.990805303278817	0.984944015394336
Cardiobacteriaceae	0.656482159353941	0.600417587850482	0.374271018335011	0.0578605970886976	0.113626499824033	0.999814542879428	0.996984005012762	0.984944015394336
Unclassified Tenericutes Phylum	0.660891577024206	0.379131409532774	0.60558565094491	-0.0967092841403899	-0.0657523521985973	0.999814542879428	0.990805303278817	0.984944015394336
Hungateiclostridiaceae	0.663710732320853	0.430981749034593	0.480624989662881	-0.0718971306595284	-0.074596050369882	0.999814542879428	0.990805303278817	0.984944015394336
Kiritimatiellaceae	0.66481837934934	0.375722324229221	0.657175118083121	0.118051877962403	0.0683307419641071	0.999814542879428	0.990805303278817	0.984944015394336
Tannerellaceae	0.670034506084156	0.967241643477357	0.431150293931486	-0.005901424759204	0.130050353930344	0.999814542879428	0.996984005012762	0.984944015394336
Hymenobacteraceae	0.671070101661144	0.524347912460903	0.413934308728262	-0.0878341222127461	-0.130557058638341	0.999814542879428	0.991257356416617	0.984944015394336
Acholeplasmataceae	0.673940494788672	0.477412581531477	0.448374435266545	-0.0847259077232491	-0.104894809654317	0.999814542879428	0.990805303278817	0.984944015394336
Tepidiformaceae	0.675934531345223	0.557500376255137	0.712331409896942	0.0678622065044028	-0.0494530556770468	0.999814542879428	0.991257356416617	0.984944015394336
Unclassified Chloroflexi Phylum	0.680802330345448	0.500807386704459	0.438877528885934	-0.134215141799124	-0.17752442090557	0.999814542879428	0.990805303278817	0.984944015394336
Kangiellaceae	0.683707363729622	0.544827385521209	0.745626469859416	-0.0660868532131118	0.0408353287946347	0.999814542879428	0.991257356416617	0.984944015394336
Unclassified Bradymonadales Order	0.68594147740711	0.404931680179331	0.880956952059383	0.105185902452279	0.0216999536041807	0.999814542879428	0.990805303278817	0.984944015394336
Pectobacteriaceae	0.68789309005389	0.546609217033477	0.425152691600175	0.0453434348986488	0.0696320669496002	0.999814542879428	0.991257356416617	0.984944015394336
Bradymonadaceae	0.688091585717528	0.448650479855583	0.507473813440431	0.0931607035657188	0.0948647429446173	0.999814542879428	0.990805303278817	0.984944015394336
Intrasporangiaceae	0.688601223605284	0.46944448140272	0.482360320824594	0.0662171933444636	0.0750100206037654	0.999814542879428	0.990805303278817	0.984944015394336
Leptospiraceae	0.690767905168657	0.658335186732951	0.399919204469483	-0.049028488841917	-0.108207828311494	0.999814542879428	0.996984005012762	0.984944015394336
Gallionellaceae	0.697772999958837	0.539666830754904	0.442294031813021	-0.0574803531244271	-0.0840023476220156	0.999814542879428	0.991257356416617	0.984944015394336
Coleofasciculaceae	0.697805028719336	0.976958934749856	0.447372436401927	-0.00214969980264236	0.0666580988246768	0.999814542879428	0.996984005012762	0.984944015394336
Unclassified Propionibacteriales Order	0.698803222939035	0.405694768985866	0.794349566307866	0.124051347332865	0.0448291465702729	0.999814542879428	0.990805303278817	0.984944015394336
Sporolactobacillaceae	0.698890624790534	0.471950112675516	0.496331300575897	-0.0685667932767048	-0.0750664023292517	0.999814542879428	0.990805303278817	0.984944015394336
Ktedonosporobacteraceae	0.70039864796708	0.742088541000624	0.405231624880847	0.034435479417583	0.101915684207908	0.999814542879428	0.996984005012762	0.984944015394336
Unclassified Planctomycetes Phylum	0.700956817847754	0.629307517502148	0.415912405823802	-0.0444059504255118	-0.0877336434910459	0.999814542879428	0.996984005012762	0.984944015394336
Unclassified Chroococcales Order	0.701793868560755	0.614737440294649	0.68436173354466	-0.0950289682476803	0.0883553535513935	0.999814542879428	0.996984005012762	0.984944015394336
Bdellovibrionaceae	0.705144298625507	0.536153568417901	0.453014809782195	-0.066120743879078	-0.0929560598705339	0.999814542879428	0.991257356416617	0.984944015394336
Unclassified Lactobacillales Order	0.708609344410525	0.486977336730546	0.498094142244297	0.0528913429563655	0.0597760158110569	0.999814542879428	0.990805303278817	0.984944015394336
Thermoproteaceae	0.710612476966049	0.655503491263837	0.42081578786341	-0.0659141046695706	-0.138189847407904	0.999814542879428	0.996984005012762	0.984944015394336
Conexibacteraceae	0.71131011778082	0.453000127024606	0.554519321286663	0.09072507494151	0.0828991956891524	0.999814542879428	0.990805303278817	0.984944015394336
Fibrobacteraceae	0.711702053133032	0.996021774587891	0.453864887465701	-0.000553774590375167	-0.0972388148484455	0.999814542879428	0.996984005012762	0.984944015394336
Unclassified Saprospirales Order	0.712727866777318	0.43112922627059	0.877886297002267	-0.0384569541362098	-0.00839928177063992	0.999814542879428	0.990805303278817	0.984944015394336
Unclassified Opitutae Class	0.713051337643282	0.433900388477585	0.597689174443826	-0.12454511201782	-0.0945240991635308	0.999814542879428	0.990805303278817	0.984944015394336
Unclassified Firmicutes Phylum	0.713724633514185	0.426629778427411	0.640902862420491	-0.0646603626602596	-0.0435464679840296	0.999814542879428	0.990805303278817	0.984944015394336
Halothiobacillaceae	0.716798122297932	0.509984901724582	0.490240152932268	0.0736833419762531	0.0895592846486304	0.999814542879428	0.990805303278817	0.984944015394336
Methylococcaceae	0.716846014427952	0.437249354709341	0.910604096499213	-0.0575432638349721	-0.0096089142845127	0.999814542879428	0.990805303278817	0.990491226008522
Egibacteraceae	0.718265823127233	0.807544367954899	0.424413416155742	-0.0269356465637963	-0.104173139606504	0.999814542879428	0.996984005012762	0.984944015394336
Ferroplasmaceae	0.719240595197013	0.446010853893886	0.594664072153212	-0.0821529007715604	-0.0663784386715782	0.999814542879428	0.990805303278817	0.984944015394336
Unclassified Chromatiales Order	0.72064230638903	0.430721117256302	0.665932012867409	0.0729935540229221	0.0463420977332295	0.999814542879428	0.990805303278817	0.984944015394336
Rhodocyclaceae	0.72236274871496	0.462396187420652	0.565454190452212	-0.0653624675726805	-0.0592623694758916	0.999814542879428	0.990805303278817	0.984944015394336
Unclassified Corynebacteriales Order	0.723264257227502	0.737676335818568	0.427406955134738	-0.0334484064938979	-0.0929312593211833	0.999814542879428	0.996984005012762	0.984944015394336
Lachnospiraceae	0.723427545300371	0.440134288781905	0.617690699555558	-0.0915800401141836	-0.0662982234300714	0.999814542879428	0.990805303278817	0.984944015394336
Succinivibrionaceae	0.724601390285936	0.929901262764869	0.497522584411127	-0.0203275717012955	0.17841039675072	0.999814542879428	0.996984005012762	0.984944015394336
Cellvibrionaceae	0.727422500744602	0.464541155170158	0.570892252291604	-0.0934128505009593	-0.0829475350911105	0.999814542879428	0.990805303278817	0.984944015394336
Hyellaceae	0.727583581060458	0.479634378664453	0.543660288175367	-0.0983111672120918	-0.0967822466856225	0.999814542879428	0.990805303278817	0.984944015394336
Paenibacillaceae	0.728839348059458	0.460026082046823	0.590283030249891	-0.0573317441315722	-0.0484357218334733	0.999814542879428	0.990805303278817	0.984944015394336
Ardenticatenaceae	0.731032190275083	0.968352315723326	0.482038928480641	-0.00369250465919137	0.0769372095266972	0.999814542879428	0.996984005012762	0.984944015394336
Solibacteraceae	0.732640266175449	0.438470488722212	0.711090607711033	-0.0710448276800771	-0.0394478474196515	0.999814542879428	0.990805303278817	0.984944015394336
Odoribacteraceae	0.732942171545564	0.442528177892095	0.671950618326244	0.0955148508576846	0.0604795636159638	0.999814542879428	0.990805303278817	0.984944015394336
Aquificaceae	0.734791522218836	0.464211169916418	0.945550839765284	-0.0758857714477253	-0.00805039684172218	0.999814542879428	0.990805303278817	0.9975968131822
Unclassified Micrococcales Order	0.735229950500157	0.570255151154683	0.478778843689155	0.0545677596906792	0.0796941301063388	0.999814542879428	0.996984005012762	0.984944015394336
Entomoplasmataceae	0.736142049169907	0.511624400147892	0.524609502105261	0.0792440776938726	0.0893540017788981	0.999814542879428	0.990805303278817	0.984944015394336
Unclassified Thermoplasmata Class	0.74108185921019	0.481325333943249	0.993825180618184	0.132061798970948	0.0016716876728106	0.999814542879428	0.990805303278817	0.9975968131822
Nitrosomonadaceae	0.74227063312581	0.497304519765028	0.555185355205169	-0.0664084192336203	-0.0669253893499789	0.999814542879428	0.990805303278817	0.984944015394336
Cryomorphaceae	0.744072074572708	0.557534621098205	0.495739869382349	-0.108787248505427	-0.145064007442191	0.999814542879428	0.991257356416617	0.984944015394336
Peptoniphilaceae	0.745321453551418	0.531723969108365	0.521320804764123	-0.0450794139362401	-0.0537364275136452	0.999814542879428	0.991257356416617	0.984944015394336
Steroidobacteraceae	0.746504086151883	0.469449911616052	0.927079558446023	0.0780893584713437	0.0113790419743694	0.999814542879428	0.990805303278817	0.9975968131822
Eggerthellaceae	0.748173816688197	0.868076266793415	0.543028375198242	0.0221624321610634	-0.0945883862386655	0.999814542879428	0.996984005012762	0.984944015394336
Microcoleaceae	0.748435988178101	0.888478109255525	0.532759789765756	0.0130825729576865	-0.0680116887580787	0.999814542879428	0.996984005012762	0.984944015394336
Halobacteriovoraceae	0.748559587999209	0.835602510515518	0.563954834484465	0.0368004423251291	-0.117996325159641	0.999814542879428	0.996984005012762	0.984944015394336
Unclassified Thermomicrobia Class	0.749448914050764	0.848653034409677	0.461114377300178	-0.0271040897578532	-0.119025503396577	0.999814542879428	0.996984005012762	0.984944015394336
Unclassified Actinobacteria Class	0.75036830463947	0.541111102376756	0.522991597093617	0.0563735905554389	0.0687652734597842	0.999814542879428	0.991257356416617	0.984944015394336
Unclassified Streptosporangiales Order	0.751519782061208	0.642270264435861	0.471566181336292	-0.0520165668377085	-0.0943945897233333	0.999814542879428	0.996984005012762	0.984944015394336
Unclassified Actinobacteria Phylum	0.751841633788941	0.480885687239812	0.614073077282548	0.0733640959435896	0.0607753494485221	0.999814542879428	0.990805303278817	0.984944015394336
Thermofilaceae	0.763940452095967	0.469227068538685	0.77067822006269	-0.117743936765956	-0.0541769519081871	0.999814542879428	0.990805303278817	0.984944015394336
Granulosicoccaceae	0.765427539460182	0.604068866329605	0.501014440369853	-0.0632642806629319	-0.0937171596360577	0.999814542879428	0.996984005012762	0.984944015394336
Unclassified Alteromonadales Order	0.766319673280478	0.632828598882569	0.492148044514836	0.05735476725248	0.0952351638891945	0.999814542879428	0.996984005012762	0.984944015394336
Halobacteriaceae	0.767765692690153	0.616434169906796	0.502410376019998	0.0522635889357681	0.0816982284398038	0.999814542879428	0.996984005012762	0.984944015394336
Unclassified Acidobacteria Phylum	0.769380806264917	0.542424282445851	0.556009470630072	0.138273729911814	0.154425952871255	0.999814542879428	0.991257356416617	0.984944015394336
Unclassified Clostridiales Order	0.770770445756226	0.503533922181941	0.620913832752273	-0.0697085884243394	-0.059365204223388	0.999814542879428	0.990805303278817	0.984944015394336
Azonexaceae	0.772533218323014	0.825668222828527	0.591591889842014	-0.0151663537967231	0.0433465634090108	0.999814542879428	0.996984005012762	0.984944015394336
Ignavibacteriaceae	0.780196592305627	0.490824549929908	0.846870176657718	-0.0737927888425648	-0.0238173816564778	0.999814542879428	0.990805303278817	0.984944015394336
Kofleriaceae	0.784934402434115	0.495599459593542	0.728834568276495	0.0704882497651097	0.0415457274364575	0.999814542879428	0.990805303278817	0.984944015394336
Isosphaeraceae	0.786572451014145	0.596220850261391	0.84900438353184	0.0541547624118361	-0.0225695245323487	0.999814542879428	0.996984005012762	0.984944015394336
Unclassified Thermoprotei Class	0.786638095120998	0.504433476117425	0.893711015858755	-0.106747599576811	-0.0245809448531387	0.999814542879428	0.990805303278817	0.984944015394336
Hyphomonadaceae	0.786731652498416	0.498940505146459	0.856906096563906	-0.0584959194061117	-0.0179975628553467	0.999814542879428	0.990805303278817	0.984944015394336
Caulobacteraceae	0.787275040388923	0.612295989189207	0.534953022258752	-0.0434037452761001	-0.0621353537298829	0.999814542879428	0.996984005012762	0.984944015394336
Methanospirillaceae	0.78874549591396	0.98968586022431	0.534101882353901	-0.0018347881136189	-0.100193010025899	0.999814542879428	0.996984005012762	0.984944015394336
Vibrionaceae	0.790442941887415	0.500492535503368	0.742690004653062	-0.0712255563952996	-0.0398645654529751	0.999814542879428	0.990805303278817	0.984944015394336
Unclassified Aquificales Order	0.79057804275645	0.915306133688244	0.566274617230227	-0.0119623688233136	0.075586713934482	0.999814542879428	0.996984005012762	0.984944015394336
Desulfobulbaceae	0.794666741806383	0.74242616827716	0.682407397620869	-0.0274560364505356	0.039895503124227	0.999814542879428	0.996984005012762	0.984944015394336
Unclassified Desulfobacterales Order	0.7969944612295	0.540257135579294	0.987867381950417	-0.109777584599738	-0.00310391106218252	0.999814542879428	0.991257356416617	0.9975968131822
Halomonadaceae	0.797005474074332	0.576361950006868	0.580336537537185	-0.0492639779846477	-0.0567726706041705	0.999814542879428	0.996984005012762	0.984944015394336
Acidiferrobacteraceae	0.797046525358391	0.583784283239565	0.893030773571502	-0.042245206203004	0.0120749105060265	0.999814542879428	0.996984005012762	0.984944015394336
Unclassified Verrucomicrobia Phylum	0.800118381387513	0.978839629584573	0.537810189499918	-0.00249583978351218	-0.0680319446321676	0.999814542879428	0.996984005012762	0.984944015394336
Christensenellaceae	0.801313433506961	0.525842215699661	0.924039203051141	-0.0648038376307062	-0.011271410511313	0.999814542879428	0.991257356416617	0.997585180436844
Fimbriimonadaceae	0.801856997086005	0.838095302031382	0.51366611359722	0.0172664795638541	0.0650159053295732	0.999814542879428	0.996984005012762	0.984944015394336
Desulfobacteraceae	0.802411720309602	0.540771321229368	0.647995708153668	-0.0468687459404048	-0.0407236007289691	0.999814542879428	0.991257356416617	0.984944015394336
Labilitrichaceae	0.802959909942747	0.581699279846182	0.913723475032436	0.0587252500052265	-0.0134044668083277	0.999814542879428	0.996984005012762	0.990491226008522
Anaeromyxobacteraceae	0.804777745943299	0.655773069751536	0.541094025255593	0.0463956190344071	0.0744308676760356	0.999814542879428	0.996984005012762	0.984944015394336
Atopobiaceae	0.804787812477944	0.664734224178101	0.536877474438383	0.0592532240842836	0.0983959764542019	0.999814542879428	0.996984005012762	0.984944015394336
Deinococcaceae	0.805522022367995	0.609495817030272	0.568376037870489	0.0483399935489828	0.0629476229370362	0.999814542879428	0.996984005012762	0.984944015394336
Thermaceae	0.806835986298648	0.654847074009781	0.797118627598371	-0.034524588404906	0.0231405989210082	0.999814542879428	0.996984005012762	0.984944015394336
Gottschalkiaceae	0.806969359639242	0.70230615664842	0.742044946998945	-0.0450188691823879	0.0450090922002628	0.999814542879428	0.996984005012762	0.984944015394336
Unclassified Thiotrichales Order	0.809917872062725	0.960316988494506	0.544460856271979	0.00420982654715449	0.0598957142211716	0.999814542879428	0.996984005012762	0.984944015394336
Anaerolineaceae	0.810490370242882	0.549003480278318	0.977419476028305	-0.0457073036700614	-0.00251020666544635	0.999814542879428	0.991257356416617	0.9975968131822
Syntrophaceae	0.812992292574962	0.667405908528845	0.79316798984313	-0.0387349549167451	0.0274684563825138	0.999814542879428	0.996984005012762	0.984944015394336
Unclassified Dehalococcoidia Class	0.817411247473666	0.532676536424345	0.765499913931722	0.0715109777233179	0.0395846733016922	0.999814542879428	0.991257356416617	0.984944015394336
Parachlamydiaceae	0.818759730127209	0.9949713437664	0.568073432522641	-0.000539834005079257	0.057166807062483	0.999814542879428	0.996984005012762	0.984944015394336
Fervidicoccaceae	0.820726456131466	0.563837946650494	0.659994625687099	-0.0851194882812133	-0.0750492034919122	0.999814542879428	0.994234245927038	0.984944015394336
Listeriaceae	0.822419642159315	0.600789810480531	0.6074952095422	-0.0469834013587678	-0.0528659574542689	0.999814542879428	0.996984005012762	0.984944015394336
Unclassified Nostocales Order	0.823404538392319	0.538757443852194	0.813353938402114	-0.0674037675037512	-0.02982924522972	0.999814542879428	0.991257356416617	0.984944015394336
Unclassified Desulfuromonadales Order	0.824329739914678	0.983071429088332	0.581162835153793	-0.00314653446471848	0.094469163181829	0.999814542879428	0.996984005012762	0.984944015394336
Unclassified Victivallales Order	0.825813825199949	0.584383694235646	0.641633520985417	0.119478062825165	0.118459276524556	0.999814542879428	0.996984005012762	0.984944015394336
Thermomonosporaceae	0.826215849893041	0.632929193616657	0.591186969542356	0.042453382491265	0.0557392487980917	0.999814542879428	0.996984005012762	0.984944015394336
Acidothermaceae	0.827355395970401	0.629850786993315	0.595465617231404	0.0491325820862365	0.0630851131070325	0.999814542879428	0.996984005012762	0.984944015394336
Francisellaceae	0.830241054444425	0.557566514893188	0.717837111621299	-0.0678426109962697	-0.0480499723443258	0.999814542879428	0.991257356416617	0.984944015394336
Saccharospirillaceae	0.83098937396517	0.548468899856949	0.804917342006899	-0.0582547643592002	-0.0277823245283256	0.999814542879428	0.991257356416617	0.984944015394336
Nocardioidaceae	0.831796612860662	0.597291126462305	0.639380275749873	0.0515611357434404	0.0532324778292444	0.999814542879428	0.996984005012762	0.984944015394336
Unclassified Tissierellia Class	0.832217773993773	0.558193366121148	0.729007990831692	-0.0618278174662964	-0.042192200970104	0.999814542879428	0.991257356416617	0.984944015394336
Unclassified Synechococcales Order	0.835068038292781	0.828675280426609	0.554053843386732	-0.0373877743606103	-0.118915878622239	0.999814542879428	0.996984005012762	0.984944015394336
Idiomarinaceae	0.838152864113529	0.615929724599927	0.631107028000636	-0.0552789563178616	-0.061208050031282	0.999814542879428	0.996984005012762	0.984944015394336
Unclassified Nitrosomonadales Order	0.841481072056036	0.668374943557262	0.597493445445177	-0.0625101516347513	-0.0900431394538748	0.999814542879428	0.996984005012762	0.984944015394336
Unclassified Blastocatellia Class	0.843453100464404	0.803637252874488	0.565259811354142	0.0267558252535146	0.0723617521302436	0.999814542879428	0.996984005012762	0.984944015394336
Methylocystaceae	0.845866155719116	0.95266840198355	0.586020177549547	0.00551683116074145	0.0590476773803349	0.999814542879428	0.996984005012762	0.984944015394336
Nakamurellaceae	0.84734453700568	0.757162980870793	0.57531554847832	0.0362088137655626	0.0762213542589192	0.999814542879428	0.996984005012762	0.984944015394336
Unclassified Candidatus Gracilibacteria Phylum	0.854561360602202	0.846014152788856	0.691126831197317	-0.0264519462910494	0.0626406415046	0.999814542879428	0.996984005012762	0.984944015394336
Desulfarculaceae	0.855726120781506	0.733256424444112	0.594282698714276	0.0395750318359183	0.0719947895830406	0.999814542879428	0.996984005012762	0.984944015394336
Actinopolysporaceae	0.857941038178977	0.643733337611921	0.652570228459415	-0.0528643890925298	-0.0599337962140609	0.999814542879428	0.996984005012762	0.984944015394336
Bradyrhizobiaceae	0.858961859269219	0.813184188329427	0.586921646430613	0.0191579489791425	0.0515579703667405	0.999814542879428	0.996984005012762	0.984944015394336
Acidithiobacillaceae	0.858969070734545	0.776054663322387	0.590527352308623	-0.029454370567477	-0.06526364977669	0.999814542879428	0.996984005012762	0.984944015394336
Unclassified Verrucomicrobiales Order	0.860581265253763	0.698867164110989	0.614397704911656	0.101658906051297	0.15166643986053	0.999814542879428	0.996984005012762	0.984944015394336
Thermoplasmataceae	0.86260391117173	0.724767318656421	0.608137825431789	-0.0551321805982945	-0.0927317244517345	0.999814542879428	0.996984005012762	0.984944015394336
Shewanellaceae	0.863027088249551	0.596108016911329	0.776806097926103	-0.0616321427877036	-0.0379470879555748	0.999814542879428	0.996984005012762	0.984944015394336
Mariprofundaceae	0.865120023336943	0.758414980217037	0.602744290364502	-0.039844562559067	-0.0778877657917877	0.999814542879428	0.996984005012762	0.984944015394336
Jiangellaceae	0.86520775004542	0.622609619919371	0.706020120775719	0.0473225329885228	0.0422575321439656	0.999814542879428	0.996984005012762	0.984944015394336
Endozoicomonadaceae	0.865942870936671	0.653738019267421	0.936473128404148	-0.044312383196189	0.00910326056505891	0.999814542879428	0.996984005012762	0.9975968131822
Alteromonadaceae	0.865971718701507	0.682704978247418	0.63670187234962	-0.0451864648433019	-0.0604891702584641	0.999814542879428	0.996984005012762	0.984944015394336
Candidatus Nitrosocaldaceae	0.868018501874392	0.875665403290475	0.601833702194241	0.0326609478886041	0.12694290857593	0.999814542879428	0.996984005012762	0.984944015394336
Ruaniaceae	0.869025330875254	0.698700008606083	0.864597185232445	-0.0441293680899215	0.0225637298677498	0.999814542879428	0.996984005012762	0.984944015394336
Unclassified Methanococcales Order	0.870040414514905	0.872016063026246	0.604842932726378	0.0253533315305135	0.0937896649465099	0.999814542879428	0.996984005012762	0.984944015394336
Microbulbiferaceae	0.870355914602849	0.608815285515445	0.774392038217013	-0.0443757280802868	-0.028846175121338	0.999814542879428	0.996984005012762	0.984944015394336
Desulfurococcaceae	0.871736008186742	0.614902539216049	0.929843563134318	-0.0516275533535012	-0.0105224515974693	0.999814542879428	0.996984005012762	0.9975968131822
Cyanobacteriaceae	0.874008853140413	0.984274295745388	0.633187041545661	-0.00177867929032678	-0.0501404580249848	0.999814542879428	0.996984005012762	0.984944015394336
Budviciaceae	0.877159857229494	0.920333905571189	0.677327453877965	-0.00864120363908824	0.0419832206844954	0.999814542879428	0.996984005012762	0.984944015394336
Unclassified Mollicutes Class	0.878194702777936	0.629291936152694	0.748332771792952	-0.0675893064302356	-0.0521546996825573	0.999814542879428	0.996984005012762	0.984944015394336
Bogoriellaceae	0.878327257521584	0.619402801794165	0.790150583812391	0.0540217571652845	0.033620309319821	0.999814542879428	0.996984005012762	0.984944015394336
Unclassified Rubrobacterales Order	0.881136831119634	0.85752377623284	0.723860067577049	0.00889140206135326	-0.02030007674119	0.999814542879428	0.996984005012762	0.984944015394336
Sinobacteraceae	0.881817250810783	0.88205763232901	0.707161909275615	0.0170035000413234	-0.0501922649656899	0.999814542879428	0.996984005012762	0.984944015394336
Rivulariaceae	0.884618890399664	0.658556492742324	0.986609828160039	0.0558711268554529	-0.00246170273843403	0.999814542879428	0.996984005012762	0.9975968131822
Unclassified Halobacteriales Order	0.884738380071536	0.711373015291871	0.660820422492315	-0.04238094745896	-0.0586648231237308	0.999814542879428	0.996984005012762	0.984944015394336
Amoebophilaceae	0.885011634743954	0.941042035061247	0.637008423268285	-0.0120786824843517	-0.0899805098773238	0.999814542879428	0.996984005012762	0.984944015394336
Opitutaceae	0.885023996344896	0.630863317375864	0.791252566571701	-0.0437409954827844	-0.0280627438077277	0.999814542879428	0.996984005012762	0.984944015394336
Egicoccaceae	0.888518877261358	0.933555400036354	0.640372825207174	0.00792595865413564	0.052044818621321	0.999814542879428	0.996984005012762	0.984944015394336
Methylobacteriaceae	0.890285551624221	0.845285200347414	0.634509677728781	0.0176452252800662	0.0502942243897193	0.999814542879428	0.996984005012762	0.984944015394336
Vicinamibacteraceae	0.892913117308951	0.894264563115053	0.64106385276055	0.0120517902724507	0.0494857796506413	0.999814542879428	0.996984005012762	0.984944015394336
Emcibacteraceae	0.893000843535699	0.639256621725167	0.867388350333089	-0.0402043334670857	-0.0166101216285048	0.999814542879428	0.996984005012762	0.984944015394336
Zoogloeaceae	0.893012768160191	0.894937721493946	0.717228800423965	-0.011659277105692	0.0372855654339019	0.999814542879428	0.996984005012762	0.984944015394336
Gloeomargaritaceae	0.893605161614315	0.731747972235008	0.666646445726521	-0.0382889886927079	-0.0553529783821807	0.999814542879428	0.996984005012762	0.984944015394336
Rhizobiaceae	0.896045090272473	0.67293160914859	0.73374614229514	-0.0368060307809919	-0.0345048912624632	0.999814542879428	0.996984005012762	0.984944015394336
Leptolyngbyaceae	0.896502258456062	0.806575153587275	0.648205829013098	-0.0314572461946546	-0.0678379153304121	0.999814542879428	0.996984005012762	0.984944015394336
Erwiniaceae	0.897299228557509	0.837257196566854	0.76765009046459	-0.0140169731719524	0.0233840579169324	0.999814542879428	0.996984005012762	0.984944015394336
Haloferacaceae	0.897527746895831	0.652555902075516	0.795575787222369	0.047784742198984	0.0319216005514307	0.999814542879428	0.996984005012762	0.984944015394336
Methanoregulaceae	0.898898367344618	0.944491731700433	0.699341132421126	0.00664706352307476	-0.0429904641211735	0.999814542879428	0.996984005012762	0.984944015394336
Jonesiaceae	0.902989647251744	0.824274946603659	0.657539006858478	0.0324709564746402	0.0745873686118479	0.999814542879428	0.996984005012762	0.984944015394336
Thiobacillaceae	0.905225438712601	0.6957503991469	0.974985149569033	-0.0358388966613745	0.00333630934100582	0.999814542879428	0.996984005012762	0.9975968131822
Thermodesulfobiaceae	0.907993430530695	0.73073152636085	0.705675355851647	-0.0331182689982942	-0.0424452003863074	0.999814542879428	0.996984005012762	0.984944015394336
Burkholderiaceae	0.908703679930216	0.726791836743754	0.710755272706785	-0.0272395938086768	-0.0337207704158254	0.999814542879428	0.996984005012762	0.984944015394336
Petrotogaceae	0.911307382308256	0.780824094854294	0.685423113775251	-0.0216260573014402	-0.0367719369698465	0.999814542879428	0.996984005012762	0.984944015394336
Pirellulaceae	0.9140121148158	0.975159902454775	0.692216966314136	0.00251400225261075	0.0373738222741291	0.999814542879428	0.996984005012762	0.984944015394336
Eubacteriaceae	0.916287423808923	0.680213306098247	0.879690847624909	-0.033068819231335	-0.0140853984739407	0.999814542879428	0.996984005012762	0.984944015394336
Unclassified Methanobacteriales Order	0.917272815144107	0.70628008846597	0.758585694456331	-0.0368552230780791	-0.033715623814502	0.999814542879428	0.996984005012762	0.984944015394336
Unclassified Betaproteobacteria Class	0.917774682871915	0.683495393181602	0.852170163059894	-0.0344962200723873	-0.0182869182747745	0.999814542879428	0.996984005012762	0.984944015394336
Unclassified Candidatus Micrarchaeota Phylum	0.918196094072408	0.754346828731437	0.909513328623027	-0.045525146066752	0.0190745376417494	0.999814542879428	0.996984005012762	0.990491226008522
Unclassified Myxococcales Order	0.918904629228472	0.717281499820605	0.756373154878825	0.0318570112833561	0.0319008663591076	0.999814542879428	0.996984005012762	0.984944015394336
Moritellaceae	0.918909969427936	0.732350947744689	0.735107860589854	0.0499657260107655	0.0569383812813005	0.999814542879428	0.996984005012762	0.984944015394336
Ichthyobacteriaceae	0.921136589481548	0.782049013930592	0.706980783045021	-0.0372053721684701	-0.0583760104000025	0.999814542879428	0.996984005012762	0.984944015394336
Ectothiorhodospiraceae	0.921201241074271	0.963674313708051	0.701722740186304	-0.00412145635721216	-0.04052118774675	0.999814542879428	0.996984005012762	0.984944015394336
Unclassified Xanthomonadales Order	0.921461763680235	0.771962120836659	0.891653999011135	-0.0326089681862931	0.0177427422984704	0.999814542879428	0.996984005012762	0.984944015394336
Planctomycetaceae	0.923211959918117	0.893288067444244	0.773003946123928	0.0117617100644474	-0.0295081893494836	0.999814542879428	0.996984005012762	0.984944015394336
Aurantimonadaceae	0.923282280156311	0.946316029748766	0.701353902417175	0.00672992272794114	0.0448061799187048	0.999814542879428	0.996984005012762	0.984944015394336
Neisseriaceae	0.924092921861995	0.927676385282202	0.753391326447828	-0.00716021348240906	0.0288221781228857	0.999814542879428	0.996984005012762	0.984944015394336
Caldisphaeraceae	0.925842652175232	0.938432685314033	0.704766006170262	-0.011238987849167	-0.0642017307246302	0.999814542879428	0.996984005012762	0.984944015394336
Alcanivoracaceae	0.925893149716749	0.744844692880046	0.747939663659383	-0.0278675111826494	-0.0320352631145652	0.999814542879428	0.996984005012762	0.984944015394336
Alcaligenaceae	0.928018868468895	0.707801502272722	0.832523618087782	-0.0266846207832833	-0.0175483172215936	0.999814542879428	0.996984005012762	0.984944015394336
Methanomicrobiaceae	0.928585038497868	0.748507539075977	0.752999371844237	-0.0311655454997768	-0.0354719976678993	0.999814542879428	0.996984005012762	0.984944015394336
Dietziaceae	0.92897696117341	0.987209952262455	0.723441363817399	0.00155142213081857	0.0399324379525154	0.999814542879428	0.996984005012762	0.984944015394336
Prochlorotrichaceae	0.930143829378395	0.713998762892348	0.941578369886075	0.0602691733379259	0.0138978838199187	0.999814542879428	0.996984005012762	0.9975968131822
Acetobacteraceae	0.930371933078138	0.944930941981518	0.714824562305313	-0.00630450845305102	-0.0387916656122089	0.999814542879428	0.996984005012762	0.984944015394336
Casimicrobiaceae	0.931057227621385	0.710778839796234	0.908614962761243	0.0437333005457915	0.0155920480263662	0.999814542879428	0.996984005012762	0.990491226008522
Thioalkalispiraceae	0.931600443232254	0.855252747489311	0.822675932742374	0.0212455488835872	-0.0302520682768394	0.999814542879428	0.996984005012762	0.984944015394336
Dermabacteraceae	0.931652869832142	0.742355938131182	0.77325276961942	0.0312713520077989	0.0319364065012888	0.999814542879428	0.996984005012762	0.984944015394336
Natrialbaceae	0.932365617768498	0.870728751173472	0.81042095477845	0.0149930719906979	-0.0256815260073881	0.999814542879428	0.996984005012762	0.984944015394336
Unclassified Cellvibrionales Order	0.932692601913572	0.722341157405643	0.81916735804425	-0.0470488803323564	-0.0352789107529925	0.999814542879428	0.996984005012762	0.984944015394336
Halieaceae	0.933596591710066	0.747643627324395	0.973017807312525	-0.0246425003291739	0.00301962776205492	0.999814542879428	0.996984005012762	0.9975968131822
Propionibacteriaceae	0.933644661230644	0.79102381646639	0.737019989644518	0.0231483903214432	0.034241688798938	0.999814542879428	0.996984005012762	0.984944015394336
Caldilineaceae	0.933889088434987	0.841436293095977	0.840934507748041	-0.0257330331993927	0.0299567093153787	0.999814542879428	0.996984005012762	0.984944015394336
Unclassified Chloroflexales Order	0.934709274661199	0.717169442912765	0.875444731585027	0.0394391907242566	0.019649502715166	0.999814542879428	0.996984005012762	0.984944015394336
Unclassified Neisseriales Order	0.935168269285046	0.750477470538635	0.777522997715169	-0.0246598028733939	-0.0255604120686513	0.999814542879428	0.996984005012762	0.984944015394336
Geobacteraceae	0.936101529197826	0.788427730106749	0.745383861902543	-0.0258607711983739	-0.0363907495943608	0.999814542879428	0.996984005012762	0.984944015394336
Anaerohalosphaeraceae	0.936245158168599	0.723867038582164	0.845829711790035	0.0419231315876236	0.0266969903438768	0.999814542879428	0.996984005012762	0.984944015394336
Unclassified Kiritimatiellaeota Phylum	0.93775286791028	0.73842869602303	0.812154686015594	-0.0318953144413052	-0.0265364220151729	0.999814542879428	0.996984005012762	0.984944015394336
Calditrichaceae	0.938637726422414	0.725653721887829	0.884300194063045	-0.0394926627193195	-0.0190098566397655	0.999814542879428	0.996984005012762	0.984944015394336
Rhodanobacteraceae	0.93897988931736	0.925703170892147	0.78495376909272	0.0100782132098514	-0.0342923743210307	0.999814542879428	0.996984005012762	0.984944015394336
Hyphomicrobiaceae	0.939304284833857	0.78168313008531	0.760943869911647	-0.0229936921448842	-0.0294553780883498	0.999814542879428	0.996984005012762	0.984944015394336
Candidatus Deianiraeaceae	0.939985560772829	0.748565449297323	0.801339209093059	0.0422953377478331	0.0382274552056989	0.999814542879428	0.996984005012762	0.984944015394336
Oxalobacteraceae	0.940478110454851	0.77241597795945	0.773411549128399	-0.0229886156176031	-0.02667644902515	0.999814542879428	0.996984005012762	0.984944015394336
Haliscomenobacteraceae	0.94189075564517	0.970310883015075	0.768923457625785	0.00643063434832337	-0.0580470604663611	0.999814542879428	0.996984005012762	0.984944015394336
Myxococcaceae	0.943281897473504	0.869232848580956	0.737524088289788	0.0140631327015584	0.0334441403264067	0.999814542879428	0.996984005012762	0.984944015394336
Nautiliaceae	0.944499725735259	0.770869196074415	0.973617185802074	-0.0287689524919598	0.0037873307798941	0.999814542879428	0.996984005012762	0.9975968131822
Unclassified Rhizobiales Order	0.944518796193122	0.739073752808585	0.902816931273792	-0.028577023142712	-0.0122070145238189	0.999814542879428	0.996984005012762	0.990491226008522
Microbacteriaceae	0.94461579647551	0.739722522661755	0.911354146508898	0.0317114938647988	0.0123615180782992	0.999814542879428	0.996984005012762	0.990491226008522
Lactobacillaceae	0.947390683805888	0.770029937833338	0.802100509570793	-0.0391775759270683	-0.0379742832837711	0.999814542879428	0.996984005012762	0.984944015394336
Pseudonocardiaceae	0.947714653420758	0.750799293942219	0.944593203297289	0.0289602731727387	0.00738529375806835	0.999814542879428	0.996984005012762	0.9975968131822
Brevibacteriaceae	0.948478193522037	0.752806267186673	0.856269450796708	-0.0303431419002818	-0.0202573361912663	0.999814542879428	0.996984005012762	0.984944015394336
Unclassified Thermoplasmatales Order	0.949620899664238	0.839776105134717	0.760723079599284	0.0264606417051856	0.0463572868791164	0.999814542879428	0.996984005012762	0.984944015394336
Unclassified Candidatus Cloacimonetes Phylum	0.951631650196271	0.791199873191531	0.964768868212943	0.0403804710219846	-0.00781982004619299	0.999814542879428	0.996984005012762	0.9975968131822
Phyllobacteriaceae	0.952886006995398	0.952193954356135	0.80032534589593	-0.00501312386699951	0.0246971379868189	0.999814542879428	0.996984005012762	0.984944015394336
Woeseiaceae	0.953341655562022	0.857271477694972	0.765157140280522	0.0199235082418689	0.0376984415763558	0.999814542879428	0.996984005012762	0.984944015394336
Unclassified Proteobacteria Phylum	0.953732227108342	0.838229466006518	0.773991385108613	0.0161734266721464	0.0264910429110918	0.999814542879428	0.996984005012762	0.984944015394336
Methanotrichaceae	0.954172466150612	0.847808229110355	0.891235878329319	0.0250840347097288	-0.0206456929676608	0.999814542879428	0.996984005012762	0.984944015394336
Unclassified Planctomycetia Class	0.954426953691463	0.846847512046774	0.892281986580487	-0.0242506268023395	0.0197204447841691	0.999814542879428	0.996984005012762	0.984944015394336
Archangiaceae	0.956752235485304	0.802527833301788	0.966838953585536	0.0247894206138674	-0.00478410684718936	0.999814542879428	0.996984005012762	0.9975968131822
Methanobacteriaceae	0.959065110975155	0.810834428380552	0.959847224925451	-0.0303732387103845	0.00748892545219485	0.999814542879428	0.996984005012762	0.9975968131822
Aerococcaceae	0.961253716458776	0.90675073099732	0.781658368321301	-0.0104904374927632	-0.0288305515112348	0.999814542879428	0.996984005012762	0.984944015394336
Chromobacteriaceae	0.962829014546019	0.988310370681458	0.808016523737342	0.00126233123135938	-0.0243338996988579	0.999814542879428	0.996984005012762	0.984944015394336
Synechococcaceae	0.964141931297136	0.794057014401417	0.879048004155101	-0.0210958554770337	-0.0143355341601931	0.999814542879428	0.996984005012762	0.984944015394336
Polyangiaceae	0.964580620396128	0.838704609123819	0.813607384124575	0.018757159301267	0.0253794211135306	0.999814542879428	0.996984005012762	0.984944015394336
Haloarculaceae	0.965275778896607	0.81318894038573	0.843368437098744	0.026497882324466	0.0258222633996084	0.999814542879428	0.996984005012762	0.984944015394336
Halorubraceae	0.966389231477734	0.982225665475534	0.820118281313539	-0.00224252143761453	0.0266861243786374	0.999814542879428	0.996984005012762	0.984944015394336
Carnobacteriaceae	0.966822877968517	0.821596373980349	0.984941712235932	0.0226726559055695	-0.0021750353557053	0.999814542879428	0.996984005012762	0.9975968131822
Unclassified Thaumarchaeota Phylum	0.967316204021841	0.936700833373195	0.800231681515371	0.00839668993816358	0.0309151449509594	0.999814542879428	0.996984005012762	0.984944015394336
Gemmatimonadaceae	0.967414786272386	0.919595900314827	0.861345557017532	0.0104404903450305	-0.0210796493806023	0.999814542879428	0.996984005012762	0.984944015394336
Streptomycetaceae	0.967758431089011	0.854629996821353	0.81670978007038	0.0157711728690766	0.0232930828346138	0.999814542879428	0.996984005012762	0.984944015394336
Thermoguttaceae	0.967860905436466	0.802152882004484	0.941139557696842	0.0388394675517517	0.0133011166058739	0.999814542879428	0.996984005012762	0.9975968131822
Erythrobacteraceae	0.967979076006986	0.871484530169203	0.809424111860214	-0.0161096681064061	-0.0279034777710621	0.999814542879428	0.996984005012762	0.984944015394336
Pseudomonadaceae	0.968540050236861	0.915327276021807	0.80319005033334	-0.00898945503484194	-0.0245352210026502	0.999814542879428	0.996984005012762	0.984944015394336
Clostridiales Family XIII. Incertae Sedis	0.968615064362639	0.871641773921217	0.912410801057245	-0.0122093540775364	0.0096543424300076	0.999814542879428	0.996984005012762	0.990491226008522
Oscillatoriaceae	0.96949181282511	0.826500986855625	0.850058238088981	-0.0293805453569561	-0.029355268356399	0.999814542879428	0.996984005012762	0.984944015394336
Mycobacteriaceae	0.969859480046128	0.819101406096459	0.86641285799516	0.0190076163493429	0.0162999429793804	0.999814542879428	0.996984005012762	0.984944015394336
Nocardiopsaceae	0.969879477254267	0.963002770244834	0.811559476891726	-0.00461176196361893	-0.0276675833930126	0.999814542879428	0.996984005012762	0.984944015394336
Comamonadaceae	0.970558080355976	0.931644898618247	0.86221018505496	0.00693635487499999	-0.0163732102357293	0.999814542879428	0.996984005012762	0.984944015394336
Desulfuromonadaceae	0.970975207587973	0.932848806894191	0.862782206819598	-0.00724741479491036	0.0173283884889352	0.999814542879428	0.996984005012762	0.984944015394336
Dictyoglomaceae	0.97304154072265	0.983253678830845	0.840388886053805	0.00221269203510962	-0.0244510915645562	0.999814542879428	0.996984005012762	0.984944015394336
Unclassified Rhodocyclales Order	0.977783775145867	0.989565083275186	0.843956047093819	-0.00117120083882815	-0.0205254236873387	0.999814542879428	0.996984005012762	0.984944015394336
Unclassified Bacilli Class	0.978347358106816	0.913140650538422	0.838066370849396	-0.0101139662491111	-0.0218214499508174	0.999814542879428	0.996984005012762	0.984944015394336
Sphingomonadaceae	0.97921191531222	0.978817517801412	0.845694969687347	-0.0024049942732302	-0.0205388243178333	0.999814542879428	0.996984005012762	0.984944015394336
Nocardiaceae	0.979752549827646	0.842157018719125	0.928914327947666	0.017513394614124	0.00913867828555448	0.999814542879428	0.996984005012762	0.9975968131822
Unclassified Halobacteria Class	0.982019632985396	0.865938786304882	0.992737596957559	-0.0217614163860048	0.00136541625214121	0.999814542879428	0.996984005012762	0.9975968131822
Verrucomicrobiaceae	0.982755767524027	0.894601927635933	0.947884330675864	-0.012002357007001	0.00690688627055799	0.999814542879428	0.996984005012762	0.9975968131822
Gordoniaceae	0.983412601171685	0.878354798561365	0.881454152319051	0.0197751111565443	0.0222316973915263	0.999814542879428	0.996984005012762	0.984944015394336
Chromatiaceae	0.984651545970703	0.996984005012762	0.874692636177032	0.000359009533906327	-0.0174109060225311	0.999814542879428	0.996984005012762	0.984944015394336
Unclassified Rhodobacterales Order	0.984854240927655	0.887073850214538	0.972950244191092	0.0209891742309992	-0.00584278427919661	0.999814542879428	0.996984005012762	0.9975968131822
Spongiibacteraceae	0.985590334308627	0.985669332282274	0.872827102235178	-0.00186573825706913	-0.0191725423169295	0.999814542879428	0.996984005012762	0.984944015394336
Xanthomonadaceae	0.986941986892095	0.994399163667115	0.881096376382126	0.000583367172814211	0.0144859983469165	0.999814542879428	0.996984005012762	0.984944015394336
Micromonosporaceae	0.98834038604276	0.912754661265839	0.958009201705222	0.00944414262217838	-0.0052958139970316	0.999814542879428	0.996984005012762	0.9975968131822
Rhodobacteraceae	0.992006743020709	0.901956578538771	0.94611161497705	-0.00988249671686851	-0.00632556244481645	0.999814542879428	0.996984005012762	0.9975968131822
Acidobacteriaceae	0.992964887524119	0.942206333551522	0.909806822084652	-0.00722742929135019	-0.0131250319441665	0.999814542879428	0.996984005012762	0.990491226008522
Cuniculiplasmataceae	0.994499205256586	0.918562387245355	0.978473249481135	-0.01806421541502	-0.00544893375607085	0.999814542879428	0.996984005012762	0.9975968131822
Streptosporangiaceae	0.994804509976193	0.925097195567763	0.944229963660624	0.00831249373002251	0.00722202135430947	0.999814542879428	0.996984005012762	0.9975968131822
Corynebacteriaceae	0.994925764419059	0.929898405008433	0.938187521154723	0.00875679644254683	0.00896795423958821	0.999814542879428	0.996984005012762	0.9975968131822
Catenulisporaceae	0.99701096925351	0.943371751344887	0.957326585376705	0.00593973048986582	0.00522371284479834	0.999814542879428	0.996984005012762	0.9975968131822
Unclassified Alphaproteobacteria Class	0.998155772427511	0.982947510441708	0.965603630865709	-0.0018005025851878	0.00424171191760674	0.999814542879428	0.996984005012762	0.9975968131822
Unclassified Elusimicrobia Phylum	0.998161893763594	0.952403526920011	0.978168917904038	-0.00584985020575143	-0.00311624753964045	0.999814542879428	0.996984005012762	0.9975968131822
Rhodothermaceae	0.999814542879428	0.985212577312927	0.99104163470219	-0.00214648148832572	-0.00150529012783234	0.999814542879428	0.996984005012762	0.9975968131822
