bugName	pval	p6M	p1Y	s6M	s1Y	Adjustedpval	Adjustedp6M	Adjustedp1Y
Lachnospiraceae	0.00249826747502468	0.0984119240125197	0.000711395599779125	-0.15310894900669	-0.41312453335568	0.484663890154789	0.726228649859119	0.13801074635715
Unclassified Planctomycetes Phylum	0.00696278182269339	0.0020674711216174	0.154951719285833	-0.414766227679	-0.159908102289311	0.59231341772514	0.401089397593775	0.63958794769046
Rikenellaceae	0.0136236282076909	0.0455550008817609	0.00528914642706513	0.549183517977158	0.872750081819163	0.59231341772514	0.726228649859119	0.343219950601971
Sporomusaceae	0.0166608847997468	0.0741856500396186	0.0773285785102563	0.339784576251699	-0.343763974177444	0.59231341772514	0.726228649859119	0.622589316756862
Orbaceae	0.0212537793019089	0.149737865950334	0.0524301593428156	-0.136217126885276	0.197101309323763	0.59231341772514	0.726228649859119	0.577902310016477
Unclassified Firmicutes Phylum	0.0214331202792173	0.509885888606718	0.00767712119131638	-0.150968612247403	-0.763656153754293	0.59231341772514	0.867700547278099	0.343219950601971
Unclassified Actinobacteria Class	0.0246692109681256	0.0590536931838073	0.0102211723013817	-0.209119182263304	-0.317517246412547	0.59231341772514	0.726228649859119	0.343219950601971
Acidaminococcaceae	0.0284942875010687	0.232232258871033	0.00917432670385743	0.49748383790024	1.28486138071455	0.59231341772514	0.764085573495187	0.343219950601971
Enterobacteriaceae	0.0311577252690832	0.0257624325706091	0.0219012300236716	1.03069277419607	1.11689811505328	0.59231341772514	0.726228649859119	0.429003891301077
Eggerthellaceae	0.0324143392341596	0.337723238290917	0.0106150500186177	-0.178918213384023	-0.56582633532207	0.59231341772514	0.784300738306791	0.343219950601971
Erysipelotrichaceae	0.0354426646302043	0.0229335354546852	0.0346855735178206	-0.804573002032084	-0.755842230135207	0.59231341772514	0.726228649859119	0.448600084163813
Ardenticatenaceae	0.0407347668879998	0.136511925414084	0.0147919360817125	0.141733800574794	0.260391613889099	0.59231341772514	0.726228649859119	0.409947942836031
Geobacteraceae	0.0459567221338587	0.900173668913379	0.0242593262666014	0.0379074572908244	-0.797155227440233	0.59231341772514	0.97595863856404	0.429003891301077
Ferrimonadaceae	0.0463957463317749	0.0230704461755689	0.0565986798469746	0.406982762777204	0.342158794976801	0.59231341772514	0.726228649859119	0.577902310016477
Thermoactinomycetaceae	0.0476950985979293	0.048695690782455	0.0265105349929841	-0.234869875057289	-0.284590623928125	0.59231341772514	0.726228649859119	0.429003891301077
Aeromonadaceae	0.0488505911525888	0.0469322763057736	0.0309560066343539	0.503809073237213	0.572723521300793	0.59231341772514	0.726228649859119	0.429003891301077
Anaerolineaceae	0.0568571647317002	0.0429032971679535	0.677446319341949	0.351665499836564	-0.0679637116727971	0.648840585761755	0.726228649859119	0.905430923258615
Akkermansiaceae	0.0602434139632158	0.0336512631688162	0.0646634707651655	1.27729792913518	1.10961767100619	0.649290128270214	0.726228649859119	0.602165663297308
Tannerellaceae	0.0657437706898345	0.258515897314136	0.022897574346691	0.563002498031226	1.30252277495077	0.671278500727784	0.783626313733474	0.429003891301077
Unclassified Enterobacterales Order	0.0732085396093889	0.0511463447568612	0.0549401978639868	0.472066533392366	0.481245647827992	0.683317191726396	0.726228649859119	0.577902310016477
Leptotrichiaceae	0.0818024196117575	0.450721842973841	0.0297532113728098	0.164476019051059	0.554508035577928	0.683317191726396	0.861148811773392	0.429003891301077
Rhodanobacteraceae	0.0833535804232145	0.737440891397861	0.055905593720283	-0.0298250758057686	0.194522987031581	0.683317191726396	0.934908448950987	0.577902310016477
Acidothermaceae	0.0853921189825515	0.0334261554377647	0.185823868054693	-0.464752678223998	-0.273022075148763	0.683317191726396	0.726228649859119	0.722462544771251
Pasteurellaceae	0.0866864428243047	0.365700258878115	0.0309590437021396	0.351715939721103	0.974041367527038	0.683317191726396	0.79969240089578	0.429003891301077
Sterolibacteriaceae	0.0880563391399994	0.0714885735018849	0.595018120227419	0.161715028727403	-0.0457670255928614	0.683317191726396	0.726228649859119	0.88795011787784
Eubacteriaceae	0.0989222855303615	0.138736272528075	0.320194853598054	0.306631433186842	-0.205669461387259	0.712140687943139	0.726228649859119	0.822541098398024
Veillonellaceae	0.110859275646451	0.0443895543825005	0.692095436781588	0.69139280050544	0.125043626619819	0.712140687943139	0.726228649859119	0.905430923258615
Clostridiaceae	0.117592945100975	0.054932068210365	0.150654632600832	0.396436116560159	0.290766412917612	0.712140687943139	0.726228649859119	0.635369537490467
Fusobacteriaceae	0.121362184084715	0.0821276439371885	0.0830238874091237	0.978751428087201	1.02012736847006	0.712140687943139	0.726228649859119	0.622589316756862
Unclassified Rhizobiales Order	0.141543953802507	0.0920698553145954	0.795981452417757	0.260149052543248	-0.038766053651262	0.712140687943139	0.726228649859119	0.933462973412892
Thermotogaceae	0.15007881178782	0.210647551638773	0.356482402192373	0.191819878781606	-0.144984672817321	0.712140687943139	0.764085573495187	0.822541098398024
Unclassified Flavobacteriales Order	0.154739906585357	0.0827954964785716	0.140027863683674	0.471227354226818	0.407985366612362	0.712140687943139	0.726228649859119	0.628768561376378
Staphylococcaceae	0.160878493667613	0.144508305625848	0.556607721133238	0.468617177455164	-0.187866379010182	0.712140687943139	0.726228649859119	0.874459949539639
Unclassified Candidatus Cloacimonetes Phylum	0.161722292354641	0.132784974532646	0.59100424798988	-0.177147043370141	0.0622812291670859	0.712140687943139	0.726228649859119	0.88795011787784
Budviciaceae	0.1631175995862	0.599947588413224	0.0662975490203761	0.0413974356006658	0.164734824806125	0.712140687943139	0.888884558472535	0.602165663297308
Syntrophaceae	0.165397403874807	0.846819276789091	0.102242675931699	-0.0286384498991916	0.271759284377694	0.712140687943139	0.96071894559698	0.624529759828001
Corynebacteriaceae	0.167759244635596	0.082478094903691	0.9465489626749	-0.163740158272678	-0.00603874133999345	0.712140687943139	0.726228649859119	0.974805493654533
Desulfuromonadaceae	0.168499366871949	0.146308866887824	0.588571743895625	0.126132876216368	-0.0468012213787397	0.712140687943139	0.726228649859119	0.88795011787784
Unclassified Chloroflexi Phylum	0.168900525997594	0.0682796314371186	0.307030780325474	-0.240782207120122	-0.130569160598504	0.712140687943139	0.726228649859119	0.815944813467698
Unclassified Oceanospirillales Order	0.17330794920238	0.728428252714546	0.123245439912607	-0.0422320691430897	0.208176068482431	0.712140687943139	0.929704480438302	0.624529759828001
Synergistaceae	0.174573507648423	0.444101199790346	0.068286827796602	0.129674701506725	0.347456770184514	0.712140687943139	0.861148811773392	0.602165663297308
Flavobacteriaceae	0.178657867068736	0.286779859489112	0.304416646805111	-0.203915367639509	0.204426131609314	0.712140687943139	0.783840638403861	0.815944813467698
Glycomycetaceae	0.180698975675445	0.240253711253641	0.335766507133519	0.101923532409189	-0.0835793528625418	0.712140687943139	0.764085573495187	0.822541098398024
Thermoanaerobacterales Family IV. Incertae Sedis	0.18103980663177	0.678118116772862	0.137790754685944	-0.0286376887125719	0.113030093489872	0.712140687943139	0.888884558472535	0.628768561376378
Desulfovibrionaceae	0.181615835065264	0.209135907404211	0.0866490286208004	0.474129665008921	0.68469243374562	0.712140687943139	0.764085573495187	0.622589316756862
Xanthobacteraceae	0.185606749801048	0.0799449577936387	0.776871610274593	0.101327056608214	0.0152417389835787	0.712140687943139	0.726228649859119	0.93032773082266
Neisseriaceae	0.190994937301431	0.366869194225384	0.0766332532106743	0.130401923937649	0.282957723201677	0.712140687943139	0.79969240089578	0.622589316756862
Cardiobacteriaceae	0.196104291698582	0.118384976667645	0.145848377638851	0.0929103115424016	0.0893511672537691	0.712140687943139	0.726228649859119	0.628768561376378
Leuconostocaceae	0.197451720046157	0.717948226120542	0.142822673660314	0.0802114607165984	-0.359039032315535	0.712140687943139	0.922397058724405	0.628768561376378
Unclassified Negativicutes Class	0.198898526077157	0.26411610596574	0.35490238483052	0.110319491727046	-0.0933244538917417	0.712140687943139	0.783840638403861	0.822541098398024
Thermodesulfobiaceae	0.205342999815985	0.181302555798919	0.108616804071049	-0.498461919061959	-0.636705357797701	0.712140687943139	0.764085573495187	0.624529759828001
Coxiellaceae	0.205567980920851	0.091068850867359	0.733619395460647	-0.201816596090705	-0.0395094364030816	0.712140687943139	0.726228649859119	0.919204659729005
Unclassified Cytophagales Order	0.207027240891152	0.0960880730032142	0.226492072650755	-0.334818323161916	-0.245677051601927	0.712140687943139	0.726228649859119	0.722462544771251
Unclassified Clostridiales Order	0.210974463434034	0.966721262180308	0.110873789300018	0.00398322331242045	-0.167015551019975	0.712140687943139	0.97887967825969	0.624529759828001
Bacteroidaceae	0.211261208549073	0.442816478515027	0.0852499910943767	0.188061827449348	0.469443850370028	0.712140687943139	0.861148811773392	0.622589316756862
Zoogloeaceae	0.212789906388376	0.142435949918993	0.70932721550734	-0.14007283251811	0.0340732434797328	0.712140687943139	0.726228649859119	0.905430923258615
Gallionellaceae	0.21645452322118	0.111715720587195	0.203604550234792	0.0979785135684921	0.0790414502248688	0.712140687943139	0.726228649859119	0.722462544771251
Ignavibacteriaceae	0.216947633461515	0.972997967737809	0.111967785626026	-0.00440102451482342	-0.230031481326469	0.712140687943139	0.97887967825969	0.624529759828001
Planococcaceae	0.219526275091816	0.452841170611195	0.224078296682171	0.101123596934461	-0.170570729815035	0.712140687943139	0.861148811773392	0.722462544771251
Unclassified Cyanobacteria Phylum	0.222077276994764	0.44471364062185	0.237519056088708	0.148391989521656	-0.241346849227197	0.712140687943139	0.861148811773392	0.731407887003324
Oxalobacteraceae	0.224823097699936	0.995658279099219	0.115704208110584	-0.00128066097857594	0.404923203402609	0.712140687943139	0.995658279099219	0.624529759828001
Unclassified Betaproteobacteria Class	0.227591353878735	0.22725552723852	0.116208186261995	0.221359687082112	0.299623874839336	0.712140687943139	0.764085573495187	0.624529759828001
Acetobacteraceae	0.241546171737503	0.0999710335387767	0.530953613804524	0.159476231650938	0.0577010800771302	0.728864872478647	0.726228649859119	0.872923737949811
Granulosicoccaceae	0.244403341833464	0.23501151415833	0.125549797078825	-0.0595367934625757	-0.080644918027813	0.728864872478647	0.764085573495187	0.624529759828001
Unclassified Tenericutes Phylum	0.247983671037915	0.509285243523249	0.103176931924196	-0.203277604810524	-0.551567871161531	0.728864872478647	0.867700547278099	0.624529759828001
Legionellaceae	0.254056148659654	0.476930828171352	0.106244015808779	-0.148708290048113	-0.370757067124552	0.728864872478647	0.861148811773392	0.624529759828001
Opitutaceae	0.255512384104486	0.322591840880625	0.366676277015327	-0.0564779721767773	0.0519433037574101	0.728864872478647	0.783840638403861	0.82370808090248
Sphingomonadaceae	0.26127053905509	0.129641623608284	0.895179772407581	0.351598770730985	0.0300050896167857	0.728864872478647	0.726228649859119	0.970722783016556
Nitrosomonadaceae	0.265347629838814	0.114940878977618	0.401462020337706	0.257694405392737	0.133691291799915	0.728864872478647	0.726228649859119	0.826385341446938
Prevotellaceae	0.267009174773349	0.113198402827773	0.560598404884902	0.633814354714509	0.227687363141397	0.728864872478647	0.726228649859119	0.874459949539639
Clostridiales Family XIII. Incertae Sedis	0.268721036489389	0.596261836013914	0.218290589739858	-0.114245966184209	0.280762045943261	0.728864872478647	0.888884558472535	0.722462544771251
Methylococcaceae	0.270506550610632	0.385280670288197	0.116910055030393	0.0491839251275076	0.0972236325517378	0.728864872478647	0.830493889287892	0.624529759828001
Pelagibacteraceae	0.282436613039383	0.240176088217112	0.588092688838494	0.299993950773228	-0.139292770222545	0.73332522208412	0.764085573495187	0.88795011787784
Acholeplasmataceae	0.284867278093491	0.160030679230009	0.900414747194451	-0.0987566012147373	0.00844257675896118	0.73332522208412	0.757218335868824	0.970722783016556
Erwiniaceae	0.285611224314349	0.597004607307233	0.123324717476344	0.0780807549671883	0.249147161668514	0.73332522208412	0.888884558472535	0.624529759828001
Cyclobacteriaceae	0.287282045764913	0.673125739136381	0.224327864156013	-0.0597929682125048	0.186399644023072	0.73332522208412	0.888884558472535	0.722462544771251
Unclassified Chroococcales Order	0.298606834706314	0.759208975563006	0.139299046944224	-0.0405635022829222	-0.216294916026518	0.752334103026298	0.934908448950987	0.628768561376378
Rhodothermaceae	0.307335663574912	0.135068340707975	0.440693390202318	-0.270469842580189	-0.139699869369875	0.752538675988778	0.726228649859119	0.863784908073474
Acidithiobacillaceae	0.310759083117443	0.474003278816495	0.136893662581006	-0.0634817857935037	-0.141772078719685	0.752538675988778	0.861148811773392	0.628768561376378
Halobacteriovoraceae	0.313671962598662	0.86346504408721	0.189910333666549	-0.02614200475154	0.215666732224462	0.752538675988778	0.968278719959068	0.722462544771251
Cytophagaceae	0.314204292552015	0.781619551235753	0.214976019956153	-0.0886253141818972	0.430903667304776	0.752538675988778	0.936013536665038	0.722462544771251
Thermoanaerobacteraceae	0.322788109249241	0.145238285573307	0.696276054121337	0.101109136061319	0.0261614057603337	0.763669429199423	0.726228649859119	0.905430923258615
Petrotogaceae	0.340931344915846	0.330162069519244	0.527035499658097	-0.124777539291691	0.083012477479519	0.796875673658725	0.784300738306791	0.872923737949811
Unclassified Bacteroidales Order	0.352131506758644	0.950805065405173	0.197064058432639	-0.012588486296788	0.282274030102495	0.806139940767665	0.97595863856404	0.722462544771251
Unclassified Alphaproteobacteria Class	0.363353931569856	0.166250162865793	0.651793786238789	0.3405710513161	0.109208219333474	0.806139940767665	0.764085573495187	0.905430923258615
Hymenobacteraceae	0.364864756752911	0.23663714674677	0.248715788556052	0.127327507669844	0.126937024955708	0.806139940767665	0.764085573495187	0.742320968921141
Enterococcaceae	0.368120880425214	0.435319929663614	0.171910557094228	-0.145447909919925	-0.275427398604106	0.806139940767665	0.861148811773392	0.694805168255837
Streptococcaceae	0.381941616502577	0.188859076054937	0.385727372301388	0.514036065205237	0.344301854948244	0.806139940767665	0.764085573495187	0.82370808090248
Unclassified Verrucomicrobiales Order	0.383242778889283	0.281956041749624	0.227166057891991	0.281048163886834	0.33056143656043	0.806139940767665	0.783840638403861	0.722462544771251
Unclassified Micrococcales Order	0.390942439609375	0.194508209027404	0.818196156372677	0.324435461518123	0.0574035993475529	0.806139940767665	0.764085573495187	0.933462973412892
Unclassified Deltaproteobacteria Class	0.395264728471295	0.707120260012035	0.302506776106723	0.0346304036745082	-0.101828591445381	0.806139940767665	0.920680070082783	0.815944813467698
Bartonellaceae	0.395795857581484	0.200102493218309	0.832848273430178	-0.109023559206536	-0.0180054385316945	0.806139940767665	0.764085573495187	0.933945462690489
Morganellaceae	0.398155313159343	0.199785404415204	0.817058841763542	0.411731249206955	0.0744922934855801	0.806139940767665	0.764085573495187	0.933462973412892
Unclassified Gammaproteobacteria Class	0.401197653694041	0.584345200801137	0.360391718370268	0.172849491028888	-0.305033933455771	0.806139940767665	0.888884558472535	0.822541098398024
Micrococcaceae	0.403110171650556	0.292011265329354	0.738528330537266	0.278057172494837	-0.0893417107317401	0.806139940767665	0.783840638403861	0.919204659729005
Nautiliaceae	0.403738475410918	0.774261944471073	0.195583992209291	0.0348111086768897	0.168110306071994	0.806139940767665	0.934908448950987	0.722462544771251
Dysgonamonadaceae	0.409660355539354	0.973833906722269	0.232791894492388	-0.00591941930804886	0.231628607556665	0.806139940767665	0.97887967825969	0.728413347282633
Peptostreptococcaceae	0.414204784609461	0.196422294278866	0.66989631275912	0.397031318284209	0.12999746025943	0.806139940767665	0.764085573495187	0.905430923258615
Yersiniaceae	0.420600052323553	0.200371142267008	0.51695431077539	-0.069021888374326	-0.0353702080135308	0.806139940767665	0.764085573495187	0.871483445489042
Unclassified Bacillales Order	0.421385557215236	0.201501649791462	0.665491015756399	0.314693436923592	0.107086597073838	0.806139940767665	0.764085573495187	0.905430923258615
Bifidobacteriaceae	0.437055640368634	0.598694344885329	0.209393876826598	-0.210435929508591	-0.543259988635764	0.806139940767665	0.888884558472535	0.722462544771251
Bradymonadaceae	0.442714808303613	0.213264533023635	0.622548959434631	-0.0560454487544792	-0.0223937683360787	0.806139940767665	0.764085573495187	0.905430923258615
Candidatus Brocadiaceae	0.442714808303613	0.213264533023635	0.622548959434631	-0.0560454487544792	-0.0223937683360787	0.806139940767665	0.764085573495187	0.905430923258615
Unclassified Clostridia Class	0.448415347212768	0.247699921591922	0.384608547481643	-0.178925812902264	-0.135130545013693	0.806139940767665	0.775061044981175	0.82370808090248
Dictyoglomaceae	0.449866923547099	0.480914942823919	0.507575211545198	0.0476736671579573	-0.0468012212596326	0.806139940767665	0.861148811773392	0.866082124288163
Listeriaceae	0.450876429826623	0.483841342697421	0.223267710258096	-0.0743991255417657	-0.138953760839119	0.806139940767665	0.861148811773392	0.722462544771251
Spiroplasmataceae	0.451136537189372	0.227591701739596	0.809142140701766	0.243693115316776	0.048423896413183	0.806139940767665	0.764085573495187	0.933462973412892
Bradyrhizobiaceae	0.453618652886136	0.312805226684448	0.281579422993262	0.199076003495835	0.222936563780407	0.806139940767665	0.783840638403861	0.786945312962331
Coriobacteriaceae	0.460425845319834	0.553632900543583	0.453363749279785	-0.302376226144407	0.402543394538481	0.806139940767665	0.888884558472535	0.863784908073474
Heliobacteriaceae	0.464942145770995	0.757613269788419	0.338435418093142	-0.0835825041223594	0.276525882756534	0.806139940767665	0.934908448950987	0.822541098398024
Deinococcaceae	0.468120172035176	0.254143669815387	0.396090969365197	0.120830814637261	0.0926063873449341	0.806139940767665	0.782601141971191	0.826254280181165
Caulobacteraceae	0.468241362347101	0.546017311520447	0.468601170579177	0.144124252177777	-0.181707079801739	0.806139940767665	0.888884558472535	0.863784908073474
Bacillaceae	0.469555738694568	0.852550120241814	0.246807281768272	-0.0388803437427965	-0.261633126734952	0.806139940767665	0.961597228644836	0.742320968921141
Vibrionaceae	0.491052193713151	0.318721903405145	0.327253536239675	0.172152162108395	0.176548167046521	0.835650224389047	0.783840638403861	0.822541098398024
Peptococcaceae	0.495442014738779	0.285587755996278	0.390624450737259	-0.166682678010745	-0.137808216085382	0.835789137907157	0.783840638403861	0.82370808090248
Mycoplasmataceae	0.520216703375285	0.773498754644123	0.269773143899752	-0.0728583008967157	-0.297628284678892	0.845618693427852	0.934908448950987	0.779274989150984
Rhodospirillaceae	0.521302275893008	0.674024783899026	0.26601723617313	0.0961296056111956	0.273004068892119	0.845618693427852	0.888884558472535	0.779274989150984
Emcibacteraceae	0.524275321379464	0.938138977850922	0.326960218547866	-0.0114762656942806	0.155444912585813	0.845618693427852	0.97595863856404	0.822541098398024
Campylobacteraceae	0.527028591465532	0.339594134112219	0.357179945049686	0.161158386202381	0.162229267261203	0.845618693427852	0.784300738306791	0.822541098398024
Xanthomonadaceae	0.5285923534087	0.308231552030502	0.972368611933147	0.140622150939687	0.00486495604048019	0.845618693427852	0.783840638403861	0.982497451640784
Moraxellaceae	0.529941683436916	0.363917033315292	0.34711837232645	0.186723738405977	0.199548435656772	0.845618693427852	0.79969240089578	0.822541098398024
Unclassified Bacilli Class	0.531780827825763	0.613461118002985	0.273147934341582	0.184852122216645	0.429981922179312	0.845618693427852	0.888884558472535	0.779274989150984
Pseudomonadaceae	0.545242737462614	0.438899165916098	0.313057803479046	0.213231074539482	0.293603192713998	0.848898488730739	0.861148811773392	0.82071910641804
Vallitaleaceae	0.546969873901028	0.659069319363646	0.283949339728676	0.0741350679422021	0.189349794120803	0.848898488730739	0.888884558472535	0.786945312962331
Helicobacteraceae	0.552838922133886	0.288435459107776	0.680894596270723	-0.13542437362329	-0.0533611658149241	0.848898488730739	0.783840638403861	0.905430923258615
Parachlamydiaceae	0.560643298736822	0.294009183386837	0.695447502431238	0.240486056579176	0.0896761325524567	0.848898488730739	0.783840638403861	0.905430923258615
Oceanospirillaceae	0.561337285345834	0.323233252950046	0.476397922756353	-0.219032505555563	-0.158238135716409	0.848898488730739	0.783840638403861	0.863784908073474
Polyangiaceae	0.564181533394745	0.315445277296872	0.87547062297917	0.115322186015447	0.0183478429838743	0.848898488730739	0.783840638403861	0.970521719188337
Unclassified Sphingomonadales Order	0.569942341220936	0.301257249872388	0.685688533310803	0.0945819866306333	0.0378146644676642	0.848898488730739	0.783840638403861	0.905430923258615
Christensenellaceae	0.573079066929565	0.338595911349615	0.962385022558128	-0.220942728203309	-0.0111178200098813	0.848898488730739	0.784300738306791	0.977501017676842
Calditrichaceae	0.573721721004441	0.304736032215945	0.743892430811617	-0.219379466066643	-0.0689907178980085	0.848898488730739	0.783840638403861	0.919204659729005
Halomonadaceae	0.577601033569369	0.307674277512245	0.628623818779478	-0.135435897342138	-0.065437316160991	0.848898488730739	0.783840638403861	0.905430923258615
Spirochaetaceae	0.594371274363562	0.630031354988999	0.543193504730337	0.065865519265143	-0.0872605947404428	0.85658699092525	0.888884558472535	0.874459949539639
Chlorobiaceae	0.594925344124963	0.365590849807659	0.442940014244526	-0.0825130030688173	-0.072735171341361	0.85658699092525	0.79969240089578	0.863784908073474
Synechococcaceae	0.596078576159323	0.945291187454021	0.38083483914235	0.00520098492777178	-0.0708696550744089	0.85658699092525	0.97595863856404	0.82370808090248
Chitinophagaceae	0.602081959060917	0.890315840519247	0.345985406732634	-0.0228579314883135	-0.167133037803682	0.858852206307485	0.97595863856404	0.822541098398024
Rubrobacteraceae	0.620474208667235	0.936983557579547	0.369396597418019	-0.012535131936901	-0.151989242022017	0.878627711543383	0.97595863856404	0.82370808090248
Coprothermobacteraceae	0.629480355326183	0.79542111933943	0.470641438564689	-0.0282568687480155	0.0832087425127406	0.882290336681839	0.940924982633228	0.863784908073474
Bernardetiaceae	0.632471616541432	0.425203531905519	0.904661882326351	-0.125371078725269	0.0193757975868229	0.882290336681839	0.861148811773392	0.970722783016556
Paenibacillaceae	0.636704366677616	0.500197294150039	0.388304020699542	-0.229959476090728	-0.309139242559466	0.882290336681839	0.867700547278099	0.82370808090248
Unclassified Bacteroidia Class	0.644999940674237	0.362420781109066	0.766616066214309	0.204198622169257	0.0675294850954164	0.887446726885121	0.79969240089578	0.929546210748833
Atopobiaceae	0.664405304140947	0.505143761174841	0.795260985332708	-0.148043552010952	0.0596943180633308	0.907708654953124	0.867700547278099	0.933462973412892
Kosmotogaceae	0.670827352011103	0.442557244361833	0.480716004560877	0.158182717082207	0.151548266980321	0.909698954742664	0.861148811773392	0.863784908073474
Comamonadaceae	0.675240461252287	0.417650385013594	0.950911958131499	0.142975409922177	0.0111646422864301	0.909698954742664	0.861148811773392	0.974805493654533
Unclassified Proteobacteria Phylum	0.691685248198862	0.676230575549488	0.404673234213707	0.0560226036906335	0.117659681182817	0.914360961398706	0.888884558472535	0.826385341446938
Actinomycetaceae	0.69322505403936	0.843253673364999	0.409853408793915	-0.0362894007838133	-0.158673738826435	0.914360961398706	0.96071894559698	0.828245430271037
Sutterellaceae	0.695134556263522	0.473485197895643	0.912106021704772	0.362947381123655	-0.0572324881414767	0.914360961398706	0.861148811773392	0.970722783016556
Unclassified Bacteroidetes Phylum	0.709095328412436	0.447355440100037	0.563440689136365	0.230444536571489	0.182080308241481	0.914360961398706	0.861148811773392	0.874459949539639
Flammeovirgaceae	0.713614624838966	0.765883763182238	0.575931923762577	0.0490824875624554	-0.0969912685301598	0.914360961398706	0.934908448950987	0.886752327063015
Hungateiclostridiaceae	0.726788455337705	0.449843802531074	0.904970640827171	0.122191729546767	0.0196574211883198	0.914360961398706	0.861148811773392	0.970722783016556
Odoribacteraceae	0.732689497379294	0.877731577132064	0.452656417038084	0.0828820058761001	0.427766240834437	0.914360961398706	0.97595863856404	0.863784908073474
Leptospiraceae	0.739288373798696	0.458324611003267	0.645704342016778	0.120787440774464	0.0776177384682578	0.914360961398706	0.861148811773392	0.905430923258615
Desulfobacteraceae	0.739448218805633	0.589156837076173	0.482018767455992	-0.0405474605414943	-0.054664084596031	0.914360961398706	0.888884558472535	0.863784908073474
Planctomycetaceae	0.746259174966447	0.549998726821532	0.508934856540467	0.0476736669879962	0.0552051002419602	0.914360961398706	0.888884558472535	0.866082124288163
Sinobacteraceae	0.752897388453907	0.606015103648486	0.494224985790264	0.044527752332781	0.060737508252951	0.914360961398706	0.888884558472535	0.863784908073474
Euzebyaceae	0.757559990051809	0.473486875075475	0.692708681062041	0.326991877115135	0.184203969898699	0.914360961398706	0.861148811773392	0.905430923258615
Selenomonadaceae	0.758005545443701	0.808210437434536	0.469713726609526	0.0562419386282287	0.177322378029154	0.914360961398706	0.944535089531927	0.863784908073474
Oscillospiraceae	0.758452267341116	0.587444163901625	0.827606347561946	-0.250658364834149	0.104546171774699	0.914360961398706	0.888884558472535	0.933462973412892
Sphingobacteriaceae	0.762542557836478	0.771517312144381	0.472678771500158	0.0826745121035641	0.216249119544081	0.914360961398706	0.934908448950987	0.863784908073474
Lactobacillaceae	0.763484890470836	0.637553961694996	0.493137320320643	-0.190732641462695	-0.289866893423125	0.914360961398706	0.888884558472535	0.863784908073474
Ruminococcaceae	0.764966675480376	0.655259268238848	0.743707257597631	-0.0837811024118141	0.0640095746557458	0.914360961398706	0.888884558472535	0.919204659729005
Unclassified Lactobacillales Order	0.771542379054616	0.645944094399392	0.499301914429838	-0.126887546493244	-0.196055712633971	0.914360961398706	0.888884558472535	0.864862244637398
Clostridiales Family XVII. Incertae Sedis	0.772198966664124	0.712927343041918	0.485870282954805	-0.0322896729339763	-0.0645520044383591	0.914360961398706	0.92205269700088	0.863784908073474
Peptoniphilaceae	0.772964936440144	0.881634934035907	0.494227447402864	-0.0276231402679312	-0.13418544452988	0.914360961398706	0.97595863856404	0.863784908073474
Rhodobacteraceae	0.785856613586439	0.959814413128524	0.521093194209943	0.00556799598356844	0.0740748781969344	0.919353245392738	0.97887967825969	0.871483445489042
Brucellaceae	0.788943733169136	0.514846528414436	0.902123283907552	0.0578759841560726	0.0113072641051869	0.919353245392738	0.868523708803483	0.970722783016556
Unclassified Burkholderiales Order	0.791402020518491	0.509780937041311	0.708681925667544	0.257500751095066	0.151467600660782	0.919353245392738	0.867700547278099	0.905430923258615
Thioalkalibacteraceae	0.798871996647055	0.571741080657723	0.948038403677043	-0.0709510143138917	0.008481323213653	0.922506948509099	0.888884558472535	0.974805493654533
Thermodesulfobacteriaceae	0.813244644194685	0.530577406150847	0.798462029451427	0.0567633109851239	0.0239641557725747	0.926625103356473	0.886854154239078	0.933462973412892
Alteromonadaceae	0.814447619054005	0.660811462425786	0.558431351469812	0.039086970073929	0.0543411755732738	0.926625103356473	0.888884558472535	0.874459949539639
Muribaculaceae	0.816767488010087	0.534855340443155	0.803350641064302	-0.0767051272685866	-0.031674856463766	0.926625103356473	0.886854154239078	0.933462973412892
Burkholderiaceae	0.82227401057961	0.924303517576079	0.553358792311899	0.0185343485489991	0.120128343181414	0.927448593328165	0.97595863856404	0.874459949539639
Rhodocyclaceae	0.837399620610265	0.837581836874726	0.561379734600601	0.023213254222001	0.0678784222149043	0.931740495104641	0.96071894559698	0.874459949539639
Aurantimonadaceae	0.838949883375493	0.647306239700898	0.872943866384725	-0.0280688238360865	0.00993215832504004	0.931740495104641	0.888884558472535	0.970521719188337
Haliscomenobacteraceae	0.840487560017073	0.568889321428515	0.767034379200502	0.0739212177058871	0.0394122663596992	0.931740495104641	0.888884558472535	0.929546210748833
Acidobacteriaceae	0.853947057398478	0.614685208785338	0.990308908233516	0.098950620022232	0.0024804981450359	0.937703560507466	0.888884558472535	0.990308908233516
Methylophilaceae	0.855533660875368	0.602656949141822	0.714076965250351	-0.0753158593373184	-0.0552384526109031	0.937703560507466	0.888884558472535	0.905430923258615
Ichthyobacteriaceae	0.871370526895263	0.618033858401511	0.752368578489684	0.0792041285041392	0.052209905716172	0.942086730238364	0.888884558472535	0.923794330550624
Chromobacteriaceae	0.873944280689986	0.916521307976397	0.683661976372534	-0.014007818998907	0.0571811561980914	0.942086730238364	0.97595863856404	0.905430923258615
Alcaligenaceae	0.874101089911884	0.771986234873517	0.618218066582176	0.03985238859938	0.0719899472843628	0.942086730238364	0.934908448950987	0.905430923258615
Rickettsiaceae	0.885559024962838	0.667890213974515	0.70515560411672	0.0366870127158021	0.0338003283222091	0.945108624825625	0.888884558472535	0.905430923258615
Cellvibrionaceae	0.886648297516823	0.641158390994477	0.927210035069402	0.0362500683415141	0.00736573441998359	0.945108624825625	0.888884558472535	0.974805493654533
Thermaceae	0.909396938496646	0.674561077666225	0.907960560019779	0.0217760623636797	0.00624381759568429	0.95736820053408	0.888884558472535	0.970722783016556
Amoebophilaceae	0.91243187308116	0.841466237950091	0.678156836646154	-0.0157985627610118	-0.0335153947544275	0.95736820053408	0.96071894559698	0.905430923258615
Chromatiaceae	0.912954211849509	0.900541100265899	0.678751105011798	0.00895115711180081	0.0308235048450673	0.95736820053408	0.97595863856404	0.905430923258615
Barnesiellaceae	0.927740941434603	0.827657767895482	0.710918987989643	0.11750395990233	0.20872591635632	0.967643777625338	0.96071894559698	0.905430923258615
Verrucomicrobiaceae	0.932756557025177	0.927998027769048	0.771427525415268	-0.0157036214719416	0.052123528117564	0.967672577876387	0.97595863856404	0.929546210748833
Alcanivoracaceae	0.94619824699608	0.789738314780028	0.954706411311141	0.015891877445785	-0.00353389508692722	0.973556859181722	0.939933945198315	0.974805493654533
Pirellulaceae	0.948465187553327	0.775877630314994	0.813228587798274	-0.0193972289455712	-0.0162940207135776	0.973556859181722	0.934908448950987	0.933462973412892
Unclassified Verrucomicrobia Phylum	0.961435281772477	0.946996421710201	0.826343199321045	0.00822670435399873	-0.0279659816439595	0.981676024546635	0.97595863856404	0.933462973412892
Unclassified Coriobacteriia Class	0.966939252946097	0.802515657650489	0.943864458826082	-0.0903447442234068	-0.0265617512201289	0.982126780479282	0.943563864146636	0.974805493654533
Elusimicrobiaceae	0.978028190481389	0.894274874645385	0.930175978340558	0.0111075504604134	-0.00765142117815735	0.988215984132237	0.97595863856404	0.974805493654533
Hafniaceae	0.984577314923244	0.934903244987816	0.91568180047438	-0.0070861184627147	0.00954876363838219	0.989678751788131	0.97595863856404	0.970722783016556
Chlamydiaceae	0.990476689313691	0.911727402496455	0.981229283351716	0.00695185601323894	-0.00154252842002358	0.990476689313691	0.97595863856404	0.986313372902761
