bugName	pval	p6M	p1Y	s6M	s1Y	Adjustedpval	Adjustedp6M	Adjustedp1Y
Absiella	0.00193777086170455	0.00119069263011932	0.00318848315439988	-1.26384816625358	-1.13689090799485	0.426254166096476	0.332862850580401	0.328771510246376
Enterobacter	0.00553700314374073	0.00354740220739534	0.0069818147228731	1.0447096886819	0.97507603663459	0.426254166096476	0.370719786565266	0.328771510246376
Salicibibacter	0.00580612130900149	0.0137706410375933	0.00292268976841809	-0.373933006815628	-0.495543631473418	0.426254166096476	0.403104219464094	0.328771510246376
Burkholderia	0.00667835693718932	0.011513036849853	0.176281193244192	0.174947623295251	-0.0827904499784438	0.426254166096476	0.370719786565266	0.679456971562543
Unclassified Planctomycetes Phylum	0.00696278182269339	0.0020674711216174	0.154951719285833	-0.414766227679	-0.159908102289311	0.426254166096476	0.332862850580401	0.631575362152383
Veillonella	0.00884750339668194	0.00503150179440053	0.0145167036005206	1.31494501183162	1.11175676888729	0.426254166096476	0.370719786565266	0.340214529879386
Unclassified Actinobacteria Class	0.0105838329412624	0.00955975311808599	0.00934405953562824	-0.317841828806763	-0.327518496006958	0.426254166096476	0.370719786565266	0.328771510246376
Unclassified Enterobacteriaceae Family	0.0118944886823045	0.00823748332717382	0.0118816275785588	1.21539646115041	1.18759529598092	0.426254166096476	0.370719786565266	0.328771510246376
Salmonella	0.0142234706768688	0.00694106846075908	0.0229149497147478	1.0225535214571	0.848043751049032	0.426254166096476	0.370719786565266	0.441762423558521
Roseburia	0.0148061044300027	0.280553414181864	0.0204825999946877	0.277705659055559	-0.687763074903726	0.426254166096476	0.745994039372438	0.439693146552629
Blautia	0.0148905789723888	0.0786792506564298	0.00507433947045062	-0.348358819478497	-0.64876840104386	0.426254166096476	0.730229757173744	0.328771510246376
Alistipes	0.0158852484259556	0.0511357736774367	0.00615501179917515	0.563749798991924	0.900689996591492	0.426254166096476	0.633427808142665	0.328771510246376
Sporomusa	0.0176831263541783	0.152714712014368	0.0413195901575442	0.265877977028763	-0.411321338659821	0.429597468012814	0.730229757173744	0.49194170337265
Petrotoga	0.0211802543075407	0.0486140436746179	0.171110281265731	-0.184121122892992	0.125151431203485	0.429597468012814	0.633427808142665	0.679456971562543
Unclassified Firmicutes Phylum	0.0214331202792173	0.509885888606718	0.00767712119131638	-0.150968612247403	-0.763656153754293	0.429597468012814	0.835557823235457	0.328771510246376
Unclassified Orbaceae Family	0.0216075122026175	0.14321536390124	0.0555919301710784	-0.135695061648263	0.189759437060935	0.429597468012814	0.730229757173744	0.520707854592166
Anaerocolumna	0.0226806116652728	0.255861933786513	0.00719244448993727	-0.238940074855716	-0.683260263273322	0.429597468012814	0.730229757173744	0.328771510246376
Unclassified Lachnospiraceae Family	0.0292559550302013	0.125566855483002	0.00997914310157967	-0.172973656712288	-0.33942261116892	0.491340718064056	0.730229757173744	0.328771510246376
Lacrimispora	0.0295781319871058	0.0359552419600932	0.321641135393268	0.263881865401948	-0.114883164368765	0.491340718064056	0.633427808142665	0.782461914942292
Phascolarctobacterium	0.0317419239866961	0.679657208910158	0.0122523544191196	0.174113830331793	1.27942551644489	0.491340718064056	0.876987016691659	0.328771510246376
Stella	0.0320439598737428	0.0106254314742359	0.395411945745801	0.230554417800472	0.0658015742236015	0.491340718064056	0.370719786565266	0.782461914942292
Kosakonia	0.0339809848463271	0.0113657017885214	0.347877903334719	0.293437672048192	0.0974057691792068	0.497358050932605	0.370719786565266	0.782461914942292
Lachnoclostridium	0.037114777979121	0.222227683146584	0.0122123272753297	-0.206748456985246	-0.502603351775881	0.519606891707694	0.730229757173744	0.328771510246376
Candidatus Promineofilum	0.0407347668879998	0.136511925414084	0.0147919360817125	0.141733800574794	0.260391613889099	0.542535656745543	0.730229757173744	0.340214529879386
Faecalibaculum	0.0421223335982565	0.0239120466094901	0.0427775394237087	-0.54467748579549	-0.496870602334543	0.542535656745543	0.558747045666972	0.49194170337265
Unclassified Erysipelotrichaceae Family	0.0439001431690628	0.0293812700790647	0.0403982871698219	-0.703660954753841	-0.669194950134265	0.543686388478393	0.630717931030589	0.49194170337265
Ferrimonas	0.0463957463317749	0.0230704461755689	0.0565986798469746	0.406982762777204	0.342158794976801	0.553312234030797	0.558747045666972	0.520707854592166
Butyrivibrio	0.0568495869428395	0.0242933498116075	0.0997853335254115	0.510705044599942	0.360676468203705	0.653770249842654	0.558747045666972	0.591715506143046
Akkermansia	0.0602434139632158	0.0336512631688162	0.0646634707651655	1.27729792913518	1.10961767100619	0.668909630901913	0.633427808142665	0.561784494330556
Candidatus Arthromitus	0.0672630263542997	0.216193973436277	0.126931036222679	0.413687386006466	-0.530147978475586	0.672906296215603	0.730229757173744	0.591715506143046
Alloprevotella	0.0696905345151898	0.339833054313442	0.0242078390940642	0.143169443695829	0.387338208921408	0.672906296215603	0.804604731536238	0.441762423558521
Parabacteroides	0.0700241465948805	0.249000086906473	0.0246947938635198	0.578049530696721	1.28683363212176	0.672906296215603	0.730229757173744	0.441762423558521
Geoalkalibacter	0.0711572973163488	0.639732090106265	0.0274587653137367	-0.181117506641642	-0.996978131862946	0.672906296215603	0.868514908055101	0.465353812159117
Unclassified Flavobacteriaceae Family	0.0723307589108103	0.277599083434567	0.126399394623263	-0.196787715430227	0.298859841846823	0.672906296215603	0.745994039372438	0.591715506143046
Unclassified Enterobacterales Order	0.0732085396093889	0.0511463447568612	0.0549401978639868	0.472066533392366	0.481245647827992	0.672906296215603	0.633427808142665	0.520707854592166
Escherichia	0.0752317598253469	0.0919785505320074	0.0359289571682077	0.859293389660438	1.16505479659216	0.672906296215603	0.730229757173744	0.49194170337265
Romboutsia	0.0802145936276996	0.0448263183197892	0.832530895045186	0.4678774686037	-0.0447190547868656	0.69808376075998	0.633427808142665	0.950982780299707
Haemophilus	0.0838423309528568	0.478797525343196	0.030935556012489	0.282078297945605	1.00625966874101	0.705032366984143	0.835557823235457	0.49194170337265
Acidothermus	0.0853921189825515	0.0334261554377647	0.185823868054693	-0.464752678223998	-0.273022075148763	0.705032366984143	0.633427808142665	0.679456971562543
Unclassified Anaerolineaceae Family	0.0947408622315413	0.0388418890771068	0.669796407790684	0.210485370197615	0.040689540707357	0.742973363548678	0.633427808142665	0.929782412946697
Leptotrichia	0.0953631217393409	0.434433634364295	0.0349088220601996	0.137909059514503	0.431992849057758	0.742973363548678	0.835557823235457	0.49194170337265
Clostridium	0.104038163658065	0.507796056863445	0.0389162333276762	0.172770068147157	0.620321044843313	0.742973363548678	0.835557823235457	0.49194170337265
Noviherbaspirillum	0.106780199118604	0.0943433301266681	0.495148479253994	-0.183415009012969	0.070792340270551	0.742973363548678	0.730229757173744	0.851059806102901
Echinicola	0.108483173282852	0.357957778002565	0.0396208688662312	0.103156668239127	0.264329071646419	0.742973363548678	0.810413135535551	0.49194170337265
Paraburkholderia	0.111560657971767	0.048121492537365	0.169059936661437	-0.10891765772081	-0.0738679268758658	0.742973363548678	0.633427808142665	0.679456971562543
Unclassified Pasteurellaceae Family	0.113783349670089	0.265203959108144	0.0426226543559238	0.241002568597617	0.495873895233748	0.742973363548678	0.736169610627778	0.49194170337265
Erwinia	0.118092396657877	0.202447814020906	0.0471647216399007	0.115192255343608	0.199816582599293	0.742973363548678	0.730229757173744	0.520707854592166
Klebsiella	0.119372871667676	0.152532655652063	0.0529378482693811	0.248590061413246	0.368418096908388	0.742973363548678	0.730229757173744	0.520707854592166
Hungatella	0.121292736817886	0.0449386663374105	0.365174947670766	0.374639521054409	0.162234582590339	0.742973363548678	0.633427808142665	0.782461914942292
Eubacterium	0.126736965250468	0.0648355208158202	0.993730884704125	0.493006273200525	-0.00198375418035477	0.742973363548678	0.730229757173744	0.99682661954744
Aminomonas	0.127322671315476	0.0609023538499044	0.138054621922981	0.20160387728336	0.160968078631091	0.742973363548678	0.72631696072849	0.591715506143046
Unclassified Sphingobacteriaceae Family	0.129733029620928	0.991842352937819	0.0650614896682745	-0.000873709340009208	0.177046204580055	0.742973363548678	0.991842352937819	0.561784494330556
Gemella	0.133650182584778	0.0501737274819386	0.390222448229109	0.553670153565615	0.232932718671898	0.742973363548678	0.633427808142665	0.782461914942292
Ephemeroptericola	0.134465976439541	0.418622842804587	0.0505403668932698	0.0525881970898578	0.143305126748176	0.742973363548678	0.835557823235457	0.520707854592166
Spirosoma	0.136927549403427	0.675423664160082	0.103127769146325	-0.115940562285527	0.503726661834202	0.742973363548678	0.876987016691659	0.591715506143046
Eikenella	0.137587314662585	0.252211952923168	0.0544954259573301	0.0826528173706207	0.154344771564057	0.742973363548678	0.730229757173744	0.520707854592166
Massilistercora	0.138363284770485	0.113845036963102	0.0832498581821524	-0.430490960176077	-0.492101690471599	0.742973363548678	0.730229757173744	0.591715506143046
Candidatus Ruthia	0.139681232796454	0.11629309839459	0.581193749742564	0.121896961913556	-0.0419270471548475	0.742973363548678	0.730229757173744	0.886940224725619
Novibacillus	0.14641292598567	0.140103188384906	0.074375356097856	-0.165781400762903	-0.215502149633158	0.742973363548678	0.730229757173744	0.591715506143046
Eggerthella	0.149111561855906	0.142062979317669	0.0791970298897428	-0.441452721120649	-0.55909084551191	0.742973363548678	0.730229757173744	0.591715506143046
Lachnoanaerobaculum	0.15230818539111	0.381769985022987	0.177854654968461	0.270551003271733	-0.435786922621855	0.742973363548678	0.835557823235457	0.679456971562543
Candidatus Sulcia	0.154739906585357	0.0827954964785716	0.140027863683674	0.471227354226818	0.407985366612362	0.742973363548678	0.730229757173744	0.591715506143046
Staphylococcus	0.158537911662598	0.13935934494997	0.571250005019015	0.477631909579793	-0.181746699164059	0.742973363548678	0.730229757173744	0.880107663235037
Fusobacterium	0.158603178397464	0.091004159685935	0.125862584576146	0.996710346903694	0.930922033301206	0.742973363548678	0.730229757173744	0.591715506143046
Candidatus Cloacimonas	0.161722292354641	0.132784974532646	0.59100424798988	-0.177147043370141	0.0622812291670859	0.742973363548678	0.730229757173744	0.889268074078231
Pragia	0.1631175995862	0.599947588413224	0.0662975490203761	0.0413974356006658	0.164734824806125	0.742973363548678	0.868514908055101	0.561784494330556
Pelobacter	0.168499366871949	0.146308866887824	0.588571743895625	0.126132876216368	-0.0468012213787397	0.742973363548678	0.730229757173744	0.889268074078231
Unclassified Chloroflexi Phylum	0.168900525997594	0.0682796314371186	0.307030780325474	-0.240782207120122	-0.130569160598504	0.742973363548678	0.730229757173744	0.778455994211045
Unclassified Oceanospirillales Order	0.17330794920238	0.728428252714546	0.123245439912607	-0.0422320691430897	0.208176068482431	0.742973363548678	0.902130374515707	0.591715506143046
Zymobacter	0.179147544391237	0.0788451788103276	0.224391585076274	-0.243384422837318	-0.168456766925849	0.742973363548678	0.730229757173744	0.725128718364332
Stackebrandtia	0.180698975675445	0.240253711253641	0.335766507133519	0.101923532409189	-0.0835793528625418	0.742973363548678	0.730229757173744	0.782461914942292
Mahella	0.18103980663177	0.678118116772862	0.137790754685944	-0.0286376887125719	0.113030093489872	0.742973363548678	0.876987016691659	0.591715506143046
Desulfovibrio	0.181732849303343	0.209188149210941	0.0867176483889532	0.474113678440185	0.684584285601092	0.742973363548678	0.730229757173744	0.591715506143046
Unclassified Corynebacteriaceae Family	0.184645035290327	0.0733991095698265	0.532523944482096	-0.159135462047797	-0.0530304224730098	0.742973363548678	0.730229757173744	0.853149360496492
Acidaminococcus	0.188933786347259	0.197632646458643	0.455769538955087	0.56831717851704	-0.330336444456242	0.742973363548678	0.730229757173744	0.846666072828318
Aggregatibacter	0.189255212366522	0.186939355661628	0.0937299283148195	0.222202714507519	0.302947987244788	0.742973363548678	0.730229757173744	0.591715506143046
Weissella	0.190204434392857	0.264144643925115	0.357170690872941	0.173473968048455	-0.14770539094867	0.742973363548678	0.736169610627778	0.782461914942292
Unclassified Negativicutes Class	0.198898526077157	0.26411610596574	0.35490238483052	0.110319491727046	-0.0933244538917417	0.742973363548678	0.736169610627778	0.782461914942292
Ruthenibacterium	0.205054058933536	0.084789009542459	0.35143067787919	-0.482298612642424	-0.253155976543559	0.742973363548678	0.730229757173744	0.782461914942292
Thermodesulfobium	0.205342999815985	0.181302555798919	0.108616804071049	-0.498461919061959	-0.636705357797701	0.742973363548678	0.730229757173744	0.591715506143046
Unclassified Cytophagales Order	0.207027240891152	0.0960880730032142	0.226492072650755	-0.334818323161916	-0.245677051601927	0.742973363548678	0.730229757173744	0.725128718364332
Bacteroides	0.211261208549073	0.442816478515027	0.0852499910943767	0.188061827449348	0.469443850370028	0.742973363548678	0.835557823235457	0.591715506143046
Proteus	0.211513733481946	0.0871027887187718	0.563334373914473	0.102107116104065	0.0336516803800428	0.742973363548678	0.730229757173744	0.876463294212123
Thauera	0.212789906388376	0.142435949918993	0.70932721550734	-0.14007283251811	0.0340732434797328	0.742973363548678	0.730229757173744	0.929782412946697
Ignavibacterium	0.216947633461515	0.972997967737809	0.111967785626026	-0.00440102451482342	-0.230031481326469	0.742973363548678	0.988684588740033	0.591715506143046
Aquiflexum	0.218738971503792	0.598212398261725	0.188491039402417	-0.0422320691238099	0.114539948615836	0.742973363548678	0.868514908055101	0.679456971562543
Unclassified Clostridiales Order	0.218920207652262	0.941576734548202	0.11784490184332	0.00707699446556514	-0.165256885956573	0.742973363548678	0.988684588740033	0.591715506143046
Aeromonas	0.221537164681089	0.30963844069131	0.0961020412621958	0.190417307444394	0.337930252963579	0.742973363548678	0.791298237322238	0.591715506143046
Unclassified Cyanobacteria Phylum	0.222077276994764	0.44471364062185	0.237519056088708	0.148391989521656	-0.241346849227197	0.742973363548678	0.835557823235457	0.725128718364332
Desulfitobacterium	0.22351800753929	0.249943249623541	0.103895145939037	0.115698917687794	0.176496653174822	0.742973363548678	0.730229757173744	0.591715506143046
Cupriavidus	0.225833866042788	0.571351381245462	0.0929016597691138	0.0436874432400833	0.14162139685381	0.742973363548678	0.868399188546163	0.591715506143046
Paraprevotella	0.227126449286606	0.184323695627544	0.607982787958444	0.547290828533463	-0.210537387082077	0.742973363548678	0.730229757173744	0.902086328524564
Enterococcus	0.227328569637757	0.216220182945883	0.115482770312322	-0.188723928148211	-0.255687649451239	0.742973363548678	0.730229757173744	0.591715506143046
Unclassified Bacteroidales Order	0.229906409691869	0.683279505542469	0.0981484265761321	0.08855360755699	0.394767618469647	0.742973363548678	0.876987016691659	0.591715506143046
Pusillimonas	0.231591911236928	0.41602568511546	0.0953660142345035	0.0413974356106777	0.0939650694430325	0.742973363548678	0.835557823235457	0.591715506143046
Izhakiella	0.234959606374916	0.401732553356291	0.0975086674443951	0.0522117769017834	0.113724706873864	0.742973363548678	0.835557823235457	0.591715506143046
Unclassified Clostridiales Family XIII. Incertae Sedis Family	0.236873312469522	0.216547951180565	0.529447539335443	-0.305856457835077	0.155814631451805	0.742973363548678	0.730229757173744	0.853149360496492
Megamonas	0.236959481317285	0.169673786009771	0.698774172639475	0.231325540323726	-0.0644949196430545	0.742973363548678	0.730229757173744	0.929782412946697
Neisseria	0.238375678818746	0.360024252288046	0.101363704093006	0.115779645719666	0.226248937073994	0.742973363548678	0.810413135535551	0.591715506143046
Dialister	0.239731426287582	0.618561225889713	0.183771994065124	0.172451519122189	-0.485906113303316	0.742973363548678	0.868514908055101	0.679456971562543
Unclassified Rhizobiales Order	0.240633175692275	0.157487039343669	0.804031492881111	0.218676524128106	-0.0381176558670431	0.742973363548678	0.730229757173744	0.950982780299707
Unclassified Betaproteobacteria Class	0.242414006455223	0.233036241156265	0.126010744452461	0.218929753688493	0.291506572645737	0.742973363548678	0.730229757173744	0.591715506143046
Unclassified Morganellaceae Family	0.243572964841433	0.101068842144493	0.441491884614478	0.535026655916815	0.248321157423598	0.742973363548678	0.730229757173744	0.83623756968154
Sulfuriflexus	0.244403341833464	0.23501151415833	0.125549797078825	-0.0595367934625757	-0.080644918027813	0.742973363548678	0.730229757173744	0.591715506143046
Oxalobacter	0.246467904077234	0.403630094639104	0.103231861291477	0.188902543181415	0.406180257739239	0.742973363548678	0.835557823235457	0.591715506143046
Leuconostoc	0.247277030893601	0.952565977091109	0.12534776494268	-0.0136064779048373	-0.386458608668335	0.742973363548678	0.988684588740033	0.591715506143046
Candidatus Izimaplasma	0.247983671037915	0.509285243523249	0.103176931924196	-0.203277604810524	-0.551567871161531	0.742973363548678	0.835557823235457	0.591715506143046
Legionella	0.254056148659654	0.476930828171352	0.106244015808779	-0.148708290048113	-0.370757067124552	0.742973363548678	0.835557823235457	0.591715506143046
Unclassified Opitutaceae Family	0.255512384104486	0.322591840880625	0.366676277015327	-0.0564779721767773	0.0519433037574101	0.742973363548678	0.800623903460883	0.782461914942292
Sterolibacterium	0.256327568337785	0.18632105927206	0.668588348675349	0.0887666480057898	-0.0281871710546856	0.742973363548678	0.730229757173744	0.929782412946697
Unclassified Alphaproteobacteria Class	0.261040774145129	0.109765359916959	0.483276350155898	0.301866001812128	0.129913444332879	0.742973363548678	0.730229757173744	0.846666072828318
Unclassified Bacillaceae Family	0.261566883265106	0.445784636441683	0.284922563340974	-0.0959072391872951	0.140981582785998	0.742973363548678	0.835557823235457	0.764542211631614
Anoxybacillus	0.261933470730642	0.112402166721288	0.38055720011037	-0.108055230530474	-0.0595623910458228	0.742973363548678	0.730229757173744	0.782461914942292
Butyricimonas	0.265029132472127	0.536624780054009	0.111934633597436	0.301360126701415	0.852241806105125	0.742973363548678	0.856359104497576	0.591715506143046
Nitrosomonas	0.265347629838814	0.114940878977618	0.401462020337706	0.257694405392737	0.133691291799915	0.742973363548678	0.730229757173744	0.783459215446917
Brevefilum	0.27154795805375	0.252832460965196	0.55559880313826	0.183838401213059	-0.0965758738820235	0.743552047895444	0.730229757173744	0.872696656636682
Bremerella	0.273927152525655	0.37587427485507	0.119383071831673	0.0530774528598335	0.102006321793908	0.743552047895444	0.828982989748853	0.591715506143046
Faecalibacterium	0.274523892128444	0.610964297349044	0.234274820703147	-0.0897314902359597	0.226224890532667	0.743552047895444	0.868514908055101	0.725128718364332
Anaerotignum	0.277780275801925	0.125236551872548	0.751718413203348	0.594449549296415	0.118875842398643	0.743552047895444	0.730229757173744	0.929782412946697
Asticcacaulis	0.277918028486851	0.134644092031946	0.278367278453412	-0.167778024427481	-0.123417173750481	0.743552047895444	0.730229757173744	0.764542211631614
Unclassified Pelagibacteraceae Family	0.282436613039383	0.240176088217112	0.588092688838494	0.299993950773228	-0.139292770222545	0.743552047895444	0.730229757173744	0.889268074078231
Unclassified Eubacteriaceae Family	0.284472491099729	0.158495016862602	0.223644415338658	-0.301851127609672	-0.2683970733024	0.743552047895444	0.730229757173744	0.725128718364332
Acholeplasma	0.284867278093491	0.160030679230009	0.900414747194451	-0.0987566012147373	0.00844257675896118	0.743552047895444	0.730229757173744	0.970498541335806
Unclassified Sphingomonadaceae Family	0.287003111798349	0.142981973340002	0.888374715252423	0.300138086196689	0.0283489134900062	0.743552047895444	0.730229757173744	0.970498541335806
Megasphaera	0.289321697299475	0.331998043278376	0.132700747113116	-0.372412365812629	-0.625331535278647	0.743552047895444	0.803784736358174	0.591715506143046
Caproiciproducens	0.292006014810806	0.685455598560247	0.129343718159024	-0.082554516786463	-0.33725615991065	0.743552047895444	0.876987016691659	0.591715506143046
Intestinibaculum	0.296322190843998	0.190682289368506	0.209814679038058	-0.0786020588096724	-0.0757092038914132	0.743552047895444	0.730229757173744	0.725128718364332
Helicobacter	0.297855971778539	0.14956600615661	0.948354302304756	-0.05078286072738	-0.00218606272995461	0.743552047895444	0.730229757173744	0.979390637906786
Unclassified Chroococcales Order	0.298606834706314	0.759208975563006	0.139299046944224	-0.0405635022829222	-0.216294916026518	0.743552047895444	0.908353010526144	0.591715506143046
Ruminococcus	0.300457819558218	0.160249265152478	0.268827597051912	0.354784886191948	0.279438316493614	0.743552047895444	0.730229757173744	0.764542211631614
Pontibacter	0.304253959962549	0.352022481024029	0.141497186251598	0.106634229358819	0.180875909606626	0.743552047895444	0.810413135535551	0.591715506143046
Aquicella	0.30481015628012	0.175275651454042	0.9489747795867	-0.155015374590242	0.00729178510612687	0.743552047895444	0.730229757173744	0.979390637906786
Acidithiobacillus	0.310759083117443	0.474003278816495	0.136893662581006	-0.0634817857935037	-0.141772078719685	0.745097689437111	0.835557823235457	0.591715506143046
Halobacteriovorax	0.313671962598662	0.86346504408721	0.189910333666549	-0.02614200475154	0.215666732224462	0.745097689437111	0.962061398602358	0.679456971562543
Cardiobacterium	0.315560659873511	0.337654995337836	0.149084524487579	0.0530774528686596	0.0861617707175434	0.745097689437111	0.804604731536238	0.615451498525646
Unclassified Rhodothermaceae Family	0.316704555554831	0.139667127523196	0.461634776803296	-0.260997497675386	-0.130227524536013	0.745097689437111	0.730229757173744	0.846666072828318
Odoribacter	0.317013613207715	0.512920985632094	0.318639947236877	0.267758681471081	-0.432245470672973	0.745097689437111	0.835557823235457	0.782461914942292
Unclassified Fusobacteriaceae Family	0.31986284020091	0.148196136803312	0.399427731296481	0.160493915328843	0.0910552501510837	0.746346627135456	0.730229757173744	0.783459215446917
Pseudolabrys	0.323636296748538	0.20144582925768	0.235179883315125	0.0981686310040872	0.0919055168522618	0.749718615489419	0.730229757173744	0.725128718364332
Desulfofarcimen	0.329502718614539	0.661375982834208	0.264012250512801	-0.0463942718851069	0.127221432733138	0.75785625281344	0.876987016691659	0.764542211631614
Adlercreutzia	0.332893793205733	0.963614823544518	0.186677315222018	0.012772308522289	-0.402234193075716	0.760225541930823	0.988684588740033	0.679456971562543
Sedimenticola	0.342661388599252	0.488211065185502	0.368738026377023	0.111946891011626	-0.153132137403606	0.77702089527436	0.835557823235457	0.782461914942292
Candidatus Annandia	0.353049726688701	0.365209858859838	0.175455207857947	-0.0350464232805463	-0.0547978295380104	0.79497910485148	0.81101775553702	0.679456971562543
Nautilia	0.363188980842318	0.913529889585716	0.185273331358392	0.0130063719516236	0.170658975356726	0.8024069317596	0.980325851212797	0.679456971562543
Schaalia	0.365770185303999	0.167405038166967	0.525144026015632	-0.223322240638302	-0.100479128048182	0.8024069317596	0.730229757173744	0.853149360496492
Erysipelothrix	0.369314660839994	0.248800936603559	0.807394035039062	0.104663838614182	-0.022376815569403	0.8024069317596	0.730229757173744	0.950982780299707
Turicibacter	0.371137551701355	0.169832570475671	0.52361257265371	-0.45961811743062	-0.21403265956711	0.8024069317596	0.730229757173744	0.853149360496492
Ruminiclostridium	0.37211181891865	0.440008982265589	0.43342579779715	0.101899588937461	-0.107382660154286	0.8024069317596	0.835557823235457	0.825817200536582
Unclassified Rikenellaceae Family	0.38036654882838	0.189510016692434	0.386303561753714	0.450311515297879	0.29897180552862	0.8024069317596	0.730229757173744	0.782461914942292
Unclassified Verrucomicrobiales Order	0.383242778889283	0.281956041749624	0.227166057891991	0.281048163886834	0.33056143656043	0.8024069317596	0.745994039372438	0.725128718364332
Streptococcus	0.383675829277537	0.188638934962808	0.393673150501114	0.517997822933131	0.340875220893002	0.8024069317596	0.730229757173744	0.782461914942292
Unclassified Paenibacillaceae Family	0.384474281211225	0.953454512816376	0.225053612045553	0.00516205190563591	-0.116600872442637	0.8024069317596	0.988684588740033	0.725128718364332
Unclassified Veillonellaceae Family	0.388741025189944	0.559788015867256	0.370575568991919	0.0536392057861184	-0.0871855239614473	0.8024069317596	0.868399188546163	0.782461914942292
Rhodovulum	0.389981065750913	0.50768698611804	0.38800519969413	0.0371008108401978	-0.0501322464131799	0.8024069317596	0.835557823235457	0.782461914942292
Unclassified Micrococcales Order	0.390942439609375	0.194508209027404	0.818196156372677	0.324435461518123	0.0574035993475529	0.8024069317596	0.730229757173744	0.950982780299707
Unclassified Deltaproteobacteria Class	0.395264728471295	0.707120260012035	0.302506776106723	0.0346304036745082	-0.101828591445381	0.8024069317596	0.88596390554037	0.778455994211045
Selenomonas	0.395760835548483	0.770545303783493	0.280048165246491	-0.0640745878930331	0.255353257769527	0.8024069317596	0.912722739426605	0.764542211631614
Bartonella	0.395795857581484	0.200102493218309	0.832848273430178	-0.109023559206536	-0.0180054385316945	0.8024069317596	0.730229757173744	0.950982780299707
Streptobacillus	0.396219571893715	0.849636635263245	0.202265982513002	0.0370841638578806	0.272045121926559	0.8024069317596	0.953250859075835	0.71571039966139
Candidatus Azobacteroides	0.403052596773016	0.193971059930136	0.721563021068213	-0.187821369616507	-0.0516676102150053	0.803982241709745	0.730229757173744	0.929782412946697
Stenotrophomonas	0.403344566790597	0.195303188592566	0.734185496517447	0.181868443971348	0.0478536806390776	0.803982241709745	0.730229757173744	0.929782412946697
Dysgonomonas	0.409660355539354	0.973833906722269	0.232791894492388	-0.00591941930804886	0.231628607556665	0.803982241709745	0.988684588740033	0.725128718364332
Aquaspirillum	0.411762723296702	0.270595162305296	0.841714174910201	-0.130313511436486	0.0239523959657613	0.803982241709745	0.744714891130815	0.950989348495034
Glutamicibacter	0.412005234747713	0.964417883069799	0.239949205544785	-0.00393248595290391	0.112145831574531	0.803982241709745	0.988684588740033	0.725128718364332
Tolumonas	0.413866550758321	0.245329409155258	0.304565110880855	0.360386786471055	0.328888558242045	0.803982241709745	0.730229757173744	0.778455994211045
Vibrio	0.414475317154713	0.217309498078309	0.364878439711253	0.180785582848575	0.136301905859076	0.803982241709745	0.730229757173744	0.782461914942292
Sulfurimonas	0.424157479208812	0.233128430005987	0.956063484035785	-0.128899509460494	-0.00598697647810605	0.811473367940755	0.730229757173744	0.983554127346719
Flavonifractor	0.441954985470106	0.422623137050623	0.546788414261944	-0.178939052977526	0.138143560348723	0.811473367940755	0.835557823235457	0.863067987217382
Bradymonas	0.442714808303613	0.213264533023635	0.622548959434631	-0.0560454487544792	-0.0223937683360787	0.811473367940755	0.730229757173744	0.90297641863942
Candidatus Kuenenia	0.442714808303613	0.213264533023635	0.622548959434631	-0.0560454487544792	-0.0223937683360787	0.811473367940755	0.730229757173744	0.90297641863942
Unclassified Gammaproteobacteria Class	0.443284702202439	0.602203347014052	0.391937762601418	0.166276792581719	-0.287600548750063	0.811473367940755	0.868514908055101	0.782461914942292
Unclassified Clostridia Class	0.448415347212768	0.247699921591922	0.384608547481643	-0.178925812902264	-0.135130545013693	0.811473367940755	0.730229757173744	0.782461914942292
Dictyoglomus	0.449866923547099	0.480914942823919	0.507575211545198	0.0476736671579573	-0.0468012212596326	0.811473367940755	0.835557823235457	0.852194239976702
Pseudothermotoga	0.450253407503889	0.396120613553157	0.580623250270342	0.11806418597861	-0.0771875654411	0.811473367940755	0.835557823235457	0.886940224725619
Flavisolibacter	0.450440214044078	0.435532600151568	0.229734615671822	-0.0820523942489974	-0.13512984716198	0.811473367940755	0.835557823235457	0.725128718364332
Spiroplasma	0.451136537189372	0.227591701739596	0.809142140701766	0.243693115316776	0.048423896413183	0.811473367940755	0.730229757173744	0.950982780299707
Filimonas	0.451890217961128	0.484772812143778	0.223893704030528	-0.0476358550266459	-0.0890332906380262	0.811473367940755	0.835557823235457	0.725128718364332
Methylibium	0.451958194424536	0.300402517718359	0.838914647830348	0.166701952945884	-0.0332741974335776	0.811473367940755	0.782297052087976	0.950989348495034
Caulobacter	0.452297331869674	0.461501197571343	0.532468115807771	0.18771772480828	-0.165759317698587	0.811473367940755	0.835557823235457	0.853149360496492
Unclassified Bradyrhizobiaceae Family	0.453618652886136	0.312805226684448	0.281579422993262	0.199076003495835	0.222936563780407	0.811473367940755	0.793096716475529	0.764542211631614
Collinsella	0.460425845319834	0.553632900543583	0.453363749279785	-0.302376226144407	0.402543394538481	0.814782137272037	0.868399188546163	0.846666072828318
Heliorestis	0.464942145770995	0.757613269788419	0.338435418093142	-0.0835825041223594	0.276525882756534	0.814782137272037	0.908353010526144	0.782461914942292
Bifidobacterium	0.467226109545946	0.630813747780167	0.228989410817965	-0.196178934196714	-0.530334756136478	0.814782137272037	0.868514908055101	0.725128718364332
Filifactor	0.467812190540735	0.789727836651622	0.239351054139882	-0.0291539022698762	-0.139271811250833	0.814782137272037	0.924699503279354	0.725128718364332
Deinococcus	0.468120172035176	0.254143669815387	0.396090969365197	0.120830814637261	0.0926063873449341	0.814782137272037	0.730229757173744	0.782461914942292
Exiguobacterium	0.475345073660871	0.236063446272631	0.684984874402933	-0.0742090842149395	-0.0257162447467654	0.815504236458991	0.730229757173744	0.929782412946697
Unclassified Actinomycetaceae Family	0.476285230023633	0.243632550902373	0.778831733550228	-0.0880152118870683	-0.0214355277677761	0.815504236458991	0.730229757173744	0.93794367199271
Mobiluncus	0.479656009640262	0.2507501645597	0.870702316333545	0.0485036791495518	0.00674699383776922	0.815504236458991	0.730229757173744	0.968733816492415
Morganella	0.482740801726092	0.566354486231847	0.240958921940943	-0.049657317434988	-0.107616972421218	0.815504236458991	0.868399188546163	0.725128718364332
Sphingobacterium	0.484626153911444	0.241719474884264	0.595435871767716	-0.0508967309347549	-0.0224688630657779	0.815504236458991	0.730229757173744	0.891769073066068
Actinomyces	0.48522981068777	0.492309525797513	0.541736822453243	0.128934100857448	-0.119517686856554	0.815504236458991	0.835557823235457	0.862204277809758
Unclassified Methylophilaceae Family	0.486263395652566	0.244397007253843	0.708471209584649	-0.169790747854008	-0.0552384525708555	0.815504236458991	0.730229757173744	0.929782412946697
Mageeibacillus	0.489678849888939	0.937054475625059	0.301582829013316	-0.00991100245437741	0.139408614149113	0.815856987673553	0.988684588740033	0.778455994211045
Pseudobutyrivibrio	0.493599504783832	0.642251817282258	0.414991578126185	0.122957046033929	-0.226454831527417	0.815856987673553	0.868514908055101	0.800163402135518
Dehalobacterium	0.496489760740209	0.600407158391351	0.248412100021532	-0.0357954568129606	-0.0848251200344323	0.815856987673553	0.868514908055101	0.740636075990124
Ethanoligenens	0.496608601192597	0.387683389074475	0.284597918281203	0.0804230999563413	0.105293107546187	0.815856987673553	0.835557823235457	0.764542211631614
Desulfococcus	0.507504423434808	0.256260753293891	0.615143618641711	-0.07971509611634	-0.0354603560005942	0.826696399955656	0.730229757173744	0.902086328524564
Caloramator	0.509807777522031	0.328695093722978	0.35335683206696	0.411911862350147	0.402739102984481	0.826696399955656	0.803784736358174	0.782461914942292
Trueperella	0.515397932227539	0.556958733904695	0.26445843535217	-0.0721626041148249	-0.146164470902178	0.826696399955656	0.868399188546163	0.764542211631614
Mycoplasma	0.520216703375285	0.773498754644123	0.269773143899752	-0.0728583008967157	-0.297628284678892	0.826696399955656	0.912722739426605	0.764542211631614
Prevotella	0.522679997388561	0.282643704358501	0.4815387342769	0.453977544818048	0.302247616427926	0.826696399955656	0.745994039372438	0.846666072828318
Peptoniphilus	0.523557051101343	0.569912823922808	0.268932105936187	-0.0701911775558274	-0.146261817540392	0.826696399955656	0.868399188546163	0.764542211631614
Emcibacter	0.524275321379464	0.938138977850922	0.326960218547866	-0.0114762656942806	0.155444912585813	0.826696399955656	0.988684588740033	0.782461914942292
Clostridioides	0.528915756911542	0.470954658771328	0.602284224160344	-0.13404729320881	0.098787252567102	0.826696399955656	0.835557823235457	0.897849630461253
Unclassified Bacilli Class	0.531780827825763	0.613461118002985	0.273147934341582	0.184852122216645	0.429981922179312	0.826696399955656	0.868514908055101	0.764542211631614
Finegoldia	0.53258475371414	0.273455488376206	0.638094549228449	0.0982672383959072	0.043016549855534	0.826696399955656	0.745994039372438	0.920120383225424
Paeniclostridium	0.533488223084051	0.966861522430331	0.316271654198641	0.0110179853994995	-0.278410753115688	0.826696399955656	0.988684588740033	0.782461914942292
Unclassified Prevotellaceae Family	0.541193928030863	0.352682650551123	0.885924751187436	0.277883028294277	-0.0437336521770946	0.826696399955656	0.810413135535551	0.970498541335806
Unclassified Chromatiaceae Family	0.543283214368084	0.428808257908609	0.323566081103486	-0.0339333996297909	-0.0435361382922459	0.826696399955656	0.835557823235457	0.782461914942292
Lactococcus	0.543460068082403	0.467107913287682	0.30562659359202	0.231975044085454	0.342315812336236	0.826696399955656	0.835557823235457	0.778455994211045
Psychrobacter	0.546792694783443	0.74995196058722	0.288072551590324	-0.0189915500138492	-0.0680212131944893	0.826696399955656	0.90783658386874	0.766606294314748
Petrocella	0.546969873901028	0.659069319363646	0.283949339728676	0.0741350679422021	0.189349794120803	0.826696399955656	0.876987016691659	0.764542211631614
Pseudomonas	0.553003345062128	0.436904414704317	0.32195128307933	0.21352590386219	0.287066436901077	0.826696399955656	0.835557823235457	0.782461914942292
Pantoea	0.555208854693134	0.882287217084641	0.362583726494475	-0.0189458316229639	0.123574257929945	0.826696399955656	0.969612573041823	0.782461914942292
Catenovulum	0.556375218594368	0.858031866503826	0.306742616597692	-0.0162847693851831	-0.0998503646784404	0.826696399955656	0.959327295188306	0.778455994211045
Thalassolituus	0.561337285345834	0.323233252950046	0.476397922756353	-0.219032505555563	-0.158238135716409	0.826696399955656	0.800623903460883	0.846666072828318
Pajaroellobacter	0.564181533394745	0.315445277296872	0.87547062297917	0.115322186015447	0.0183478429838743	0.826696399955656	0.793542025699944	0.968733816492415
Acinetobacter	0.566178174009208	0.345411153771487	0.430753581846141	0.199416619450181	0.170474223259499	0.826696399955656	0.810413135535551	0.825611031871769
Unclassified Sphingomonadales Order	0.569942341220936	0.301257249872388	0.685688533310803	0.0945819866306333	0.0378146644676642	0.826696399955656	0.782297052087976	0.929782412946697
Unclassified Oxalobacteraceae Family	0.572638907273279	0.452136010068936	0.728553863288888	0.129001237684847	-0.0615526521824013	0.826696399955656	0.835557823235457	0.929782412946697
Christensenella	0.573079066929565	0.338595911349615	0.962385022558128	-0.220942728203309	-0.0111178200098813	0.826696399955656	0.804604731536238	0.985610541909151
Rothia	0.573500555246497	0.636022075127971	0.508140664830828	0.129556409166495	-0.18977634210828	0.826696399955656	0.868514908055101	0.852194239976702
Caldithrix	0.573721721004441	0.304736032215945	0.743892430811617	-0.219379466066643	-0.0689907178980085	0.826696399955656	0.785000018988273	0.929782412946697
Paenibacillus	0.575093147795239	0.331279569042329	0.46978521034752	-0.358823436813513	-0.276113958452501	0.826696399955656	0.803784736358174	0.846666072828318
Synechococcus	0.596078576159323	0.945291187454021	0.38083483914235	0.00520098492777178	-0.0708696550744089	0.851561992098481	0.988684588740033	0.782461914942292
Caloranaerobacter	0.600242136058327	0.633184059160177	0.543563566445282	-0.047433077501397	0.063245466897531	0.851561992098481	0.868514908055101	0.862204277809758
Sporosarcina	0.605505664342282	0.628725905904543	0.532555967266444	0.0637931117349826	-0.0840467307245194	0.851561992098481	0.868514908055101	0.853149360496492
Niabella	0.609483142677043	0.621142790217175	0.568718191986292	0.0638627190254896	-0.0771829461981446	0.851561992098481	0.868514908055101	0.880107663235037
Allochromatium	0.615210776330301	0.689925950153064	0.336261263807477	0.0236187685490977	0.0606285569920319	0.851561992098481	0.876987016691659	0.782461914942292
Unclassified Bacillales Order	0.618522121642263	0.647340304140448	0.339693432106468	-0.0951140800983845	-0.211480431828092	0.851561992098481	0.868514908055101	0.782461914942292
Unclassified Burkholderiaceae Family	0.618814261371611	0.839904396121352	0.350782997417704	0.0294688729347335	0.145482956396309	0.851561992098481	0.947385065104648	0.782461914942292
Campylobacter	0.620291390949557	0.389399557256146	0.456231161705628	0.141932070703742	0.127866295583671	0.851561992098481	0.835557823235457	0.846666072828318
Rubrobacter	0.620474208667235	0.936983557579547	0.369396597418019	-0.012535131936901	-0.151989242022017	0.851561992098481	0.988684588740033	0.782461914942292
Tannerella	0.626902019327077	0.583303948339773	0.353172922279843	0.0774334278254354	0.139100578013556	0.851561992098481	0.868514908055101	0.782461914942292
Unclassified Eggerthellaceae Family	0.628129190901356	0.672304127135801	0.530197125338667	0.0530433018021764	-0.0813628485265702	0.851561992098481	0.876987016691659	0.853149360496492
Coprothermobacter	0.629480355326183	0.79542111933943	0.470641438564689	-0.0282568687480155	0.0832087425127406	0.851561992098481	0.927991305896001	0.846666072828318
Anaerobutyricum	0.632319110800477	0.389958180262316	0.999640105008156	-0.378825699723238	0.000202260157344928	0.851561992098481	0.835557823235457	0.999640105008156
Bernardetia	0.632471616541432	0.425203531905519	0.904661882326351	-0.125371078725269	0.0193757975868229	0.851561992098481	0.835557823235457	0.970498541335806
Parachlamydia	0.634411746739317	0.352742251609028	0.682065613399484	0.21114099519266	0.0936481310641371	0.851561992098481	0.810413135535551	0.929782412946697
Geobacillus	0.634704590383961	0.743504786770727	0.486438582215028	0.0467876001003466	-0.102314244061961	0.851561992098481	0.906092669555916	0.846666072828318
Unclassified Comamonadaceae Family	0.641903857446028	0.35884668606759	0.735951773210584	0.138518451829359	0.0519812387835408	0.853032779808086	0.810413135535551	0.929782412946697
Unclassified Bifidobacteriaceae Family	0.642886612137585	0.754127382079904	0.507164248473647	0.0599563519172641	-0.133979475706049	0.853032779808086	0.908353010526144	0.852194239976702
Unclassified Bacteroidia Class	0.644999940674237	0.362420781109066	0.766616066214309	0.204198622169257	0.0675294850954164	0.853032779808086	0.810413135535551	0.93794367199271
Ahniella	0.646397510165134	0.810872404558931	0.368507114867418	0.0125622922044536	0.0502862492920064	0.853032779808086	0.932652310706496	0.782461914942292
Lachnospira	0.653462455937365	0.418353820019667	0.479897196180097	0.512646707528577	0.466112165103006	0.857897656144325	0.835557823235457	0.846666072828318
Halomonas	0.656583092608227	0.492382127433869	0.77082158181211	0.0395858769676024	-0.0168639250370862	0.857897656144325	0.835557823235457	0.93794367199271
Anaerostipes	0.658076773502013	0.761662462242419	0.373062772945568	-0.090754297066358	-0.280589690685346	0.857897656144325	0.908353010526144	0.782461914942292
Flammeovirga	0.667275738492676	0.810851577655132	0.499535103582138	0.0394364516408239	-0.117581727545552	0.8640256293903	0.932652310706496	0.851059806102901
Unclassified Oscillospiraceae Family	0.668178871621224	0.60301877814869	0.650607361771951	-0.162239223321105	0.146397995751148	0.8640256293903	0.868514908055101	0.920120383225424
Kosmotoga	0.670827352011103	0.442557244361833	0.480716004560877	0.158182717082207	0.151548266980321	0.8640256293903	0.835557823235457	0.846666072828318
Atopobium	0.691242133679817	0.639759199337903	0.65104997615665	-0.0929068301760726	0.0937043600187395	0.883820039365212	0.868514908055101	0.920120383225424
Unclassified Proteobacteria Phylum	0.691685248198862	0.676230575549488	0.404673234213707	0.0560226036906335	0.117659681182817	0.883820039365212	0.876987016691659	0.784968562751889
Sutterella	0.695134556263522	0.473485197895643	0.912106021704772	0.362947381123655	-0.0572324881414767	0.884716707971755	0.835557823235457	0.970498541335806
Photobacterium	0.70559847256724	0.425858216335647	0.875334229801563	0.0871657154556227	0.0175112398249351	0.894498851049808	0.835557823235457	0.968733816492415
Unclassified Bacteroidetes Phylum	0.709095328412436	0.447355440100037	0.563440689136365	0.230444536571489	0.182080308241481	0.895406649995312	0.835557823235457	0.876463294212123
Lautropia	0.717457590494008	0.986960341304902	0.471446687924099	-0.00103967804272551	0.0484524385632346	0.902427125543245	0.991842352937819	0.846666072828318
Candidatus Mikella	0.736218711553774	0.553561048922625	0.490462060065378	0.0587430114542723	0.0717424265059457	0.916524191456795	0.868399188546163	0.849079480328234
Leptospira	0.739288373798696	0.458324611003267	0.645704342016778	0.120787440774464	0.0776177384682578	0.916524191456795	0.835557823235457	0.920120383225424
Spirochaeta	0.740010650534485	0.628942228407093	0.714486514668059	0.0468430429490713	-0.0361282467688282	0.916524191456795	0.868514908055101	0.929782412946697
Defluviitoga	0.741636176278244	0.743404482859023	0.616332274147218	0.0309716268353285	-0.0493436025722441	0.916524191456795	0.906092669555916	0.902086328524564
Lactobacillus	0.747227029123928	0.634649415161716	0.473070770493585	-0.192278746822446	-0.303622281056218	0.916524191456795	0.868514908055101	0.846666072828318
Geobacter	0.751230350294388	0.460881776243073	0.742474212091321	0.114357391081437	0.0525395556471938	0.916524191456795	0.835557823235457	0.929782412946697
Unclassified Xanthomonadaceae Family	0.751328801421954	0.463849717325696	0.818554936743438	-0.0808398240469931	-0.0261433952956435	0.916524191456795	0.835557823235457	0.950982780299707
Euzebya	0.757559990051809	0.473486875075475	0.692708681062041	0.326991877115135	0.184203969898699	0.916524191456795	0.835557823235457	0.929782412946697
Gordonibacter	0.76194014200319	0.516385114359801	0.964953377946196	-0.128046741404356	0.0087869147091172	0.916524191456795	0.835557823235457	0.985610541909151
Desulfallas	0.768918967190638	0.506590034231461	0.973366932692888	-0.0774735646796675	-0.0039759169629473	0.916524191456795	0.835557823235457	0.985610541909151
Desulfosporosinus	0.76939889054428	0.487786617206886	0.677980487219311	-0.115093587626427	-0.0714527017862239	0.916524191456795	0.835557823235457	0.929782412946697
Unclassified Ruminococcaceae Family	0.770797079954514	0.482106858807035	0.740735092178153	-0.356071074221003	-0.173535484681253	0.916524191456795	0.835557823235457	0.929782412946697
Unclassified Lactobacillales Order	0.771542379054616	0.645944094399392	0.499301914429838	-0.126887546493244	-0.196055712633971	0.916524191456795	0.868514908055101	0.851059806102901
Roseimicrobium	0.771885796516414	0.976031747211207	0.523448048638054	-0.00491551285948608	0.108255428609609	0.916524191456795	0.988684588740033	0.853149360496492
Thermaerobacter	0.772198966664124	0.712927343041918	0.485870282954805	-0.0322896729339763	-0.0645520044383591	0.916524191456795	0.889777536664719	0.846666072828318
Unclassified Burkholderiales Order	0.774969897275373	0.595042467496215	0.525820921113503	0.229637399670917	0.28753433346007	0.916524191456795	0.868514908055101	0.853149360496492
Thermotoga	0.778711866097322	0.491307067019834	0.737411134779167	0.121528585423668	0.0613349852044121	0.916524191456795	0.835557823235457	0.929782412946697
Micavibrio	0.781986459901525	0.494247910780345	0.776966089864904	0.113019952461963	0.0470906831353487	0.916524191456795	0.835557823235457	0.93794367199271
Shigella	0.782745815685151	0.501853649863281	0.710645281522512	0.0400441762326714	0.0223621470006397	0.916524191456795	0.835557823235457	0.929782412946697
Brucella	0.788943733169136	0.514846528414436	0.902123283907552	0.0578759841560726	0.0113072641051869	0.920434355363992	0.835557823235457	0.970498541335806
Guyparkeria	0.798871996647055	0.571741080657723	0.948038403677043	-0.0709510143138917	0.008481323213653	0.928652645921847	0.868399188546163	0.979390637906786
Bacillus	0.802507210339939	0.676236443945292	0.776589605974692	0.0981544166510492	-0.0694563410361626	0.92952274003403	0.876987016691659	0.93794367199271
Faecalitalea	0.808801865918632	0.53721906555438	0.689223644330462	-0.353595139864985	-0.238295154558847	0.932176778047667	0.856359104497576	0.929782412946697
Unclassified Rhodocyclaceae Family	0.810588502650145	0.527813472949768	0.823609149887244	0.0854818431068071	0.031002851166222	0.932176778047667	0.849779691449127	0.950982780299707
Candidatus Blochmannia	0.823025824588119	0.691784789564228	0.795200793325383	0.0511313975460451	-0.0349134472107814	0.943111443122329	0.876987016691659	0.948350575743605
Buchnera	0.833251725882561	0.699881402017836	0.790050408871849	-0.0368239083689834	0.0261309739683284	0.951194277166163	0.883122492551419	0.945710898352176
Martelella	0.838949883375493	0.647306239700898	0.872943866384725	-0.0280688238360865	0.00993215832504004	0.951194277166163	0.868514908055101	0.968733816492415
Haliscomenobacter	0.840487560017073	0.568889321428515	0.767034379200502	0.0739212177058871	0.0394122663596992	0.951194277166163	0.868399188546163	0.93794367199271
Oscillibacter	0.841895555876883	0.567751729218339	0.832744955364142	-0.410485595162488	-0.15750764986	0.951194277166163	0.868399188546163	0.950982780299707
Unclassified Peptostreptococcaceae Family	0.85141606776675	0.635977407639726	0.645228225837717	0.195296823137864	0.198604530998244	0.958587321052075	0.868514908055101	0.920120383225424
Unclassified Alcaligenaceae Family	0.858095335552425	0.58944873789227	0.818122947843843	0.0654328264042129	0.028980277904693	0.960148206419491	0.868514908055101	0.950982780299707
Ralstonia	0.858766097667122	0.990560841780643	0.614001184724527	-0.00112070969952365	-0.048758375481326	0.960148206419491	0.991842352937819	0.902086328524564
Unclassified Peptococcaceae Family	0.861868370325352	0.622596518360247	0.695620795244376	-0.0545993271345876	-0.0452853315621953	0.960282405691222	0.868514908055101	0.929782412946697
Brevundimonas	0.869984483181737	0.610935370649423	0.887387507489947	0.0390845191548224	0.01130726413328	0.964196940413315	0.868514908055101	0.970498541335806
Ichthyobacterium	0.871370526895263	0.618033858401511	0.752368578489684	0.0792041285041392	0.052209905716172	0.964196940413315	0.868514908055101	0.929782412946697
Mycoavidus	0.876602711830456	0.683848015543463	0.905652183197496	-0.0315413209817159	0.00932636112960382	0.96666463427879	0.876987016691659	0.970498541335806
Dehalobacter	0.88493739476964	0.741847512834969	0.651513811724834	0.0419058059427743	0.0588872534814705	0.970273589574167	0.906092669555916	0.920120383225424
Thiomonas	0.885901973089457	0.837044403135448	0.753643508630708	0.0464873862975659	-0.0740637240942279	0.970273589574167	0.947385065104648	0.929782412946697
Sinimarinibacterium	0.891611106240927	0.989760474614007	0.669993200829423	-0.00123345191641347	0.0423797439727217	0.972187952787165	0.991842352937819	0.929782412946697
Oenococcus	0.893688304425468	0.896922958000447	0.726093335592659	0.0124105257282951	-0.0351955274066877	0.972187952787165	0.975706731338324	0.929782412946697
Azospirillum	0.901780317443448	0.916391556568485	0.71924114051265	0.00761664004773097	-0.0267926523254454	0.976305455646817	0.980325851212797	0.929782412946697
Massilia	0.908897883135645	0.702109807742743	0.990486998296882	0.031247475492305	-0.00101485595523259	0.976305455646817	0.883122492551419	0.996677542036237
Tetragenococcus	0.910282485194876	0.976402792606617	0.692289236830865	-0.00413110557665881	-0.0580399542410799	0.976305455646817	0.988684588740033	0.929782412946697
Candidatus Cardinium	0.91243187308116	0.841466237950091	0.678156836646154	-0.0157985627610118	-0.0335153947544275	0.976305455646817	0.947385065104648	0.929782412946697
Parvimonas	0.912633360713329	0.689935414050923	0.780648770478404	-0.0703776614358588	-0.0512675263110232	0.976305455646817	0.876987016691659	0.93794367199271
Thermoclostridium	0.927437342387835	0.939808313108753	0.712453244206993	0.013596049161778	0.0696384210962912	0.985916115980007	0.988684588740033	0.929782412946697
Barnesiella	0.927740941434603	0.827657767895482	0.710918987989643	0.11750395990233	0.20872591635632	0.985916115980007	0.945056032845196	0.929782412946697
Lysobacter	0.932818790603156	0.71633474144689	0.899043136000857	0.0361125772690849	0.0129905843794735	0.988051482152027	0.890578327204242	0.970498541335806
Mogibacterium	0.940298092516475	0.737444521086606	0.947833050104813	-0.0775111319448242	-0.0155086970768627	0.988368253696348	0.906092669555916	0.979390637906786
Hungateiclostridium	0.943643652170407	0.745697383330179	0.943998402207973	-0.0394675560280923	-0.00891683166942247	0.988368253696348	0.906092669555916	0.979390637906786
Winogradskyella	0.94633987422319	0.817429216274896	0.911017729560053	0.0237063286283083	-0.0119767907313246	0.988368253696348	0.93669824783102	0.970498541335806
Hymenobacter	0.948330972605746	0.913900007034082	0.751222749265847	-0.00834461954334436	-0.0254796010888632	0.988368253696348	0.980325851212797	0.929782412946697
Mariniblastus	0.948465187553327	0.775877630314994	0.813228587798274	-0.0193972289455712	-0.0162940207135776	0.988368253696348	0.912722739426605	0.950982780299707
Acetobacterium	0.958530611213445	0.776664691313323	0.913233099455743	0.0256276807163963	0.0102767025445821	0.993719518008084	0.912722739426605	0.970498541335806
Unclassified Verrucomicrobia Phylum	0.961435281772477	0.946996421710201	0.826343199321045	0.00822670435399873	-0.0279659816439595	0.993719518008084	0.988684588740033	0.950982780299707
Unclassified Coriobacteriia Class	0.966939252946097	0.802515657650489	0.943864458826082	-0.0903447442234068	-0.0265617512201289	0.993719518008084	0.932652310706496	0.979390637906786
Flintibacter	0.969043403804032	0.834163344867397	0.839401425220765	0.0703484912505882	0.0712106316893665	0.993719518008084	0.947385065104648	0.950989348495034
Polynucleobacter	0.970173092094158	0.811002009309996	0.94440812683766	0.0236837380306884	0.00699010799607738	0.993719518008084	0.932652310706496	0.979390637906786
Elusimicrobium	0.978028190481389	0.894274874645385	0.930175978340558	0.0111075504604134	-0.00765142117815735	0.993719518008084	0.975706731338324	0.979390637906786
Solitalea	0.978546198946875	0.89465934523338	0.845212213127313	0.0439397591747128	0.0677526897823178	0.993719518008084	0.975706731338324	0.951602561632849
Allopseudarcicella	0.980666025006578	0.875985953634473	0.868061458320654	0.0310766184868848	0.0343514352618406	0.993719518008084	0.966214136723607	0.968733816492415
Chlorobaculum	0.986725264458622	0.87592585504369	0.971347406815588	-0.0128730711114618	-0.00309523941147871	0.993719518008084	0.966214136723607	0.985610541909151
Muribaculum	0.987042520741837	0.876194186097184	0.934975380636217	0.016615285783446	0.0089459628815171	0.993719518008084	0.966214136723607	0.979390637906786
Chlamydia	0.990476689313691	0.911727402496455	0.981229283351716	0.00695185601323894	-0.00154252842002358	0.993719518008084	0.980325851212797	0.990457144950635
Unclassified Rhodobacteraceae Family	0.99270255222811	0.906210079054442	0.967650814943891	-0.0121786048329211	-0.00435460015750235	0.993719518008084	0.980325851212797	0.985610541909151
Ottowia	0.993719518008084	0.961421699879876	0.913038531029442	-0.00336497913263168	-0.0077487456741444	0.993719518008084	0.988684588740033	0.970498541335806
