bugName	pval	p1M	p6M	p1Y	s1M	s6M	s1Y	Adjustedpval	Adjustedp1M	Adjustedp6M	Adjustedp1Y
Enterobacterales	2.21667129096659e-12	1.21753196919727e-11	5.49868927138843e-09	2.5193056767081e-07	1.00541752862571	0.931126610684179	0.933466954265754	5.27567767250048e-10	2.89772608668949e-09	1.30868804659045e-06	3.01394147833576e-05
Candidatus Nanopelagicales	4.00237176734208e-10	9.0377876921618e-11	8.34386444316054e-06	1.927098595798e-05	-0.359535776239803	-0.258928454742219	-0.28836500628449	4.76282240313708e-08	1.07549673536725e-08	0.000283691391067458	0.000458649465799924
Erysipelotrichales	2.63702715219694e-09	1.20994613568697e-07	7.844887884244e-07	2.53272393137459e-07	-0.394694071100291	-0.407646270700732	-0.497631581636766	1.4237304286624e-07	2.39972650244583e-06	3.73416663290014e-05	3.01394147833576e-05
Petrotogales	2.72984901350526e-09	1.09015908545835e-09	5.4644077403396e-05	7.16235321867526e-06	-0.377605026650434	-0.262309116624567	-0.344306817594549	1.4237304286624e-07	8.64859541130287e-08	0.00130052904220083	0.000424120489200216
Clostridiales	2.99103031231596e-09	1.38560902870944e-08	3.36554695099159e-07	1.4075399512173e-05	-0.294940144129003	-0.289820016529023	-0.278872925163367	1.4237304286624e-07	5.41148567491593e-07	2.23363974459029e-05	0.000424120489200216
Unclassified Candidatus Gracilibacteria Phylum	6.0450481287333e-09	2.55501790805437e-08	3.75401637746267e-07	3.05690964858464e-05	-0.480291429295027	-0.482680198874444	-0.44763783747903	2.08249096189661e-07	7.46446102313929e-07	2.23363974459029e-05	0.000559649612587034
Acholeplasmatales	6.12497341734297e-09	3.1205072418233e-09	0.00101746155616958	2.4623381171164e-06	-0.354966501595283	-0.205441011868386	-0.357321814471138	2.08249096189661e-07	1.61844867845496e-07	0.0134531027982422	0.000195345490624568
Unclassified Firmicutes Phylum	3.55454008449385e-08	5.44683344143993e-08	3.35662550724325e-05	8.94060614703642e-06	-0.265887519117096	-0.217854201884952	-0.272786350952873	9.67842375650581e-07	1.2963463590627e-06	0.000998596088404865	0.000424120489200216
Bifidobacteriales	3.65990814321648e-08	1.5916134337988e-08	4.2132154440226e-06	0.00106549155708547	-0.782739701123372	-0.695720059720334	-0.559405165729209	9.67842375650581e-07	5.41148567491593e-07	0.000167124212612897	0.00724534258818122
Desulfurobacteriales	4.97825276557506e-08	3.40010226566167e-09	0.0120691299037099	0.000480711577038247	-0.390583065919615	-0.170368609937701	-0.281913286626222	1.18482415820687e-06	1.61844867845496e-07	0.0624446286322381	0.00430000664931718
Brachyspirales	2.12454898784742e-07	6.83336249041096e-08	0.000484194781300668	6.94967259741708e-05	-0.317940396496696	-0.218888240760051	-0.294288909977935	4.59675144643351e-06	1.47849115701619e-06	0.00823131128211135	0.00108247582116282
Methanococcales	2.38643839800545e-07	2.82269534488461e-08	0.00352873237950924	0.000244277676212585	-0.311276064541692	-0.171501026316366	-0.255725881055816	4.73310282271081e-06	7.46446102313929e-07	0.0279946102107733	0.00274510180154222
Halanaerobiales	2.71753232361505e-07	2.84880471339473e-07	0.000324864543472444	1.60381697596721e-05	-0.295881515830381	-0.223156141491056	-0.317961241895506	4.97517456169524e-06	4.23759701117466e-06	0.00594752010357243	0.000424120489200216
Unclassified Clostridia Class	4.14831317852027e-07	3.17573235977001e-07	0.000598263273819845	2.30950083150009e-05	-0.270238374357924	-0.195362264385088	-0.286945752856642	7.05213240348446e-06	4.44602530367802e-06	0.00889916619807019	0.000462753995063921
Thermoanaerobacterales	7.49398232580134e-07	2.7648985044767e-07	0.00171007905288817	6.5926165311868e-05	-0.251493473430221	-0.164209014114649	-0.248872416430494	1.18904519569381e-05	4.23759701117466e-06	0.0184999461176084	0.00108247582116282
Nautiliales	8.40469773777386e-07	2.65323100273975e-07	0.0170838548748242	7.27714837756519e-05	-0.31862026222717	-0.155273792429771	-0.310866394951494	1.25019878849386e-05	4.23759701117466e-06	0.0752955085223735	0.00108247582116282
Mycoplasmatales	1.0301609513208e-06	1.17402631601113e-06	0.00484636463516026	1.41945520000856e-05	-0.297016558871509	-0.184036058206027	-0.342244364976107	1.44222533184912e-05	1.33056315814595e-05	0.0331740543010859	0.000424120489200216
Coprothermobacterales	1.74653763440613e-06	4.0346598485355e-07	0.000115072045235267	0.00351618799861417	-0.429688330660778	-0.356427518255369	-0.308715531239282	2.27628107062163e-05	5.33471691084138e-06	0.00248974061509033	0.0166178920074441
Kosmotogales	1.81719917402567e-06	4.40899404725138e-07	0.00235653664779755	0.00021554723525725	-0.305680571464061	-0.19681867447175	-0.283453113738018	2.27628107062163e-05	5.52284517497804e-06	0.0224342288870327	0.00256501209956128
Natranaerobiales	2.11999600230328e-06	5.47419208694493e-06	0.00112431683468632	1.57393121166041e-05	-0.297150543729689	-0.229609444664878	-0.361002199022294	2.52279524274091e-05	3.25714429173223e-05	0.0139899707129267	0.000424120489200216
Veillonellales	2.55367330947998e-06	6.67144844313329e-06	0.000570014266332651	2.33321342049036e-05	0.498292691846688	0.415701847695033	0.604704825599346	2.89416308407731e-05	3.78048745110886e-05	0.00889916619807019	0.000462753995063921
Verrucomicrobiales	3.23717611427909e-06	0.0951023713526666	2.69126362103122e-07	0.00496969483377711	0.318388163401575	1.20055366899579	0.722164807009487	3.50203597817466e-05	0.111529448832203	2.23363974459029e-05	0.0215137666626416
Ignavibacteriales	3.38600659932631e-06	1.57005471937365e-07	0.0365195196696238	0.0131891989492115	-0.350674626657816	-0.146762334864873	-0.20455452751392	3.50378074191157e-05	2.87440787085329e-06	0.117630190695164	0.0448432764273193
Vibrionales	3.99185093002963e-06	2.0039430336664e-06	0.001809607174015	0.000116107981312084	-0.217179866277524	-0.154573639213692	-0.226913126498449	3.95858550561271e-05	1.76643867412076e-05	0.0187255003224161	0.001535205530682
Thiotrichales	4.5165078288445e-06	5.84281824413933e-07	0.00385197374283504	0.00105240288532648	-0.243417848863473	-0.150474569317475	-0.200645257622046	4.29971545305996e-05	6.9529537105258e-06	0.0295732177675722	0.00724534258818122
Thermotogales	6.46128035419746e-06	1.73094581974583e-06	0.00878167334122928	0.000253748906024911	-0.237730095630756	-0.139700683432785	-0.23267530347099	5.91455663191922e-05	1.64786042039803e-05	0.0513889872807033	0.00274510180154222
Lactobacillales	7.14100875343071e-06	4.00663439664449e-06	5.05703637462805e-05	0.0153837753822865	0.439715057036235	0.427126446191979	0.287220527018716	6.29466697524633e-05	2.88963329212542e-05	0.00130052904220083	0.0508519241803361
Unclassified Tenericutes Phylum	8.48563020516835e-06	5.28196047791314e-06	0.0131096711740727	9.01705892273523e-05	-0.323585579298662	-0.189211094173926	-0.358411792183486	7.13605917361115e-05	3.25714429173223e-05	0.066385143392113	0.00126238824918293
Spirochaetales	8.69519815271946e-06	1.65743626228661e-06	0.00928456492886656	0.000545135955977005	-0.230586941695922	-0.133959056644516	-0.211273597314269	7.13605917361115e-05	1.64786042039803e-05	0.0513889872807033	0.00434384932547385
Nostocales	9.56713084776517e-06	2.59008110271444e-06	0.00245089735764072	0.000526294917647505	-0.239740489265063	-0.166963211341424	-0.22497817085118	7.5899238058937e-05	2.05479767482012e-05	0.0224351373507112	0.00434384932547385
Ktedonobacterales	1.0437963842147e-05	1.98834190596929e-06	0.00117562779100224	0.00151785545258659	-0.285374604367483	-0.21218329267495	-0.242280904943262	7.98260061047051e-05	1.76643867412076e-05	0.0139899707129267	0.00950656836093705
Methanosarcinales	1.07329083838259e-05	1.54041752385932e-06	0.00211914684736105	0.00209696983756277	-0.233760749290171	-0.161499084685816	-0.188871594137083	7.98260061047051e-05	1.64786042039803e-05	0.0210148729029971	0.0110906404742208
Sulfolobales	1.38722328272278e-05	3.31593940040397e-05	0.000155251849263816	0.000287943271057139	-0.266322153995855	-0.27032707663577	-0.300724464699204	0.000100048224632734	0.000148904448546443	0.00307916167706569	0.00285543743798329
Mesoaciditogales	1.4516484257765e-05	5.32818302246956e-06	0.000720596515435948	0.000898013001230854	-0.316322898599775	-0.25801472717426	-0.295866717319461	0.000101615389804355	3.25714429173223e-05	0.0100883512161033	0.00647657861493767
Rickettsiales	1.50411733935707e-05	1.68988184401986e-06	0.0271417685004276	0.00170117772835023	-0.250327237727763	-0.123326270123816	-0.208085089772968	0.000102279979076281	1.64786042039803e-05	0.0978748621682085	0.00973437919230929
Chroococcales	1.80550404206281e-05	2.80164959660794e-06	0.00928141071071525	0.00116451848579038	-0.254527700364931	-0.151996987650941	-0.224356715199573	0.000119363878336375	2.15094388384738e-05	0.0513889872807033	0.00769876110050306
Entomoplasmatales	2.11077099692147e-05	1.49705480654644e-05	0.0142396792457088	0.000127875178025641	-0.291595835327185	-0.178274529967317	-0.333797980626931	0.000135773918180354	8.09770554450119e-05	0.0706050762599728	0.00160180486158435
Thermoplasmatales	3.32545493955116e-05	2.22352154952504e-06	0.0396688077465483	0.00912667006705974	-0.285102762047214	-0.132343718476666	-0.197798928950336	0.000208278493582415	1.88999331709628e-05	0.124342277545429	0.0334452111009797
Dictyoglomales	3.42550524037311e-05	1.01317449502217e-05	0.00127931289010603	0.00171783162217223	-0.278116581212281	-0.222809467264968	-0.253126825435165	0.000209043653130461	5.60780301895991e-05	0.0144988794212017	0.00973437919230929
Deferribacterales	3.74614752794988e-05	3.20098562588799e-06	0.0222258236653304	0.00497166876657683	-0.232892766636769	-0.1227453219976	-0.177872764405435	0.000222895777913018	2.38073305925419e-05	0.0881624338724773	0.0215137666626416
Alteromonadales	4.56257314815911e-05	5.39618556434963e-06	0.0397059373674479	0.00268146334659247	-0.211071573864841	-0.102353643547976	-0.177323604562747	0.000264851807137041	3.25714429173223e-05	0.124342277545429	0.013295589093521
Methanomicrobiales	4.86819164620123e-05	4.14799806439175e-06	0.0168648109226917	0.00616624601420548	-0.226976001608112	-0.126891143996798	-0.171085211327219	0.000275864193284736	2.90359864507423e-05	0.0752955085223735	0.0253028715755329
Fibrobacterales	5.053308997649e-05	2.38802922722672e-06	0.0567956705526273	0.0765879732138974	-0.248690922142772	-0.107225277215801	-0.116481476220456	0.000279694777079177	1.95983088303434e-05	0.159027877547357	0.173076992970884
Aquificales	5.33549626622332e-05	1.77931972285495e-05	0.019264912573076	0.000547544032622754	-0.235357026225839	-0.138802918054419	-0.244194840358652	0.00028860184349117	9.01017221360593e-05	0.0804394595156507	0.00434384932547385
Unclassified Actinobacteria Phylum	6.71734736201746e-05	4.35262716750598e-06	0.0206939951554683	0.270761076898412	-0.387469795891422	-0.209227908120588	-0.114761894140746	0.000355273038257812	2.95978647390407e-05	0.083759885322251	0.426762492065046
Unclassified Candidatus Saccharibacteria Phylum	7.25399746233091e-05	0.076299835539961	0.143139092710616	0.00067713591636373	0.127740002385117	-0.11911329264194	-0.333260718288556	0.000375315520877121	0.0912530696407574	0.321387774199307	0.00519865639014734
Legionellales	7.60445252054875e-05	4.10183421910405e-05	0.00278533340550077	0.000792731109531163	-0.190247425666697	-0.152238766698884	-0.200627712540001	0.000385076531891618	0.000168316645542545	0.0245521981670068	0.00589593762713803
Chloroflexales	9.14701229985937e-05	4.6604369039094e-06	0.0665954002903802	0.165752384473403	-0.265804694851633	-0.113706166036439	-0.0999454611936838	0.000453539359868027	3.08106661980677e-05	0.172279405099027	0.306796493918372
Bacteriovoracales	9.91175249277498e-05	1.59848932952786e-05	0.0039918499378509	0.00597051379806699	-0.259669114281203	-0.188862785211219	-0.209956700700693	0.000481427978220499	8.31232700482191e-05	0.029689383912766	0.0249295137533323
Oceanospirillales	0.000112557911089106	6.44011835424067e-06	0.0706060009207667	0.0327740100957061	-0.209937415847694	-0.0902088783173649	-0.125126454960306	0.000535775656784145	3.738410166608e-05	0.180690626012285	0.0928596952711672
Unclassified Elusimicrobia Phylum	0.000136389476679488	4.72840347097963e-05	0.00332155093941166	0.00227472760295585	-0.318752323900134	-0.25162577361623	-0.304849905844605	0.000636484224504278	0.000185588929893432	0.0279946102107733	0.0117692428152933
Desulfurellales	0.000139324636631244	1.606584211016e-05	0.00487853739721851	0.0173607358581521	-0.304652481743519	-0.216046928975405	-0.211211833517475	0.000637678144581463	8.31232700482191e-05	0.0331740543010859	0.0551910824053903
Chlamydiales	0.000157476767619347	0.000139596953371707	0.0180832402036588	0.000343556854760474	-0.226439538904584	-0.152763811959002	-0.274645672605823	0.000707159824403859	0.000458970231513376	0.0768537708655497	0.00327066125731971
Pelagibacterales	0.000205804098458273	3.80950887912038e-05	0.304825444400731	0.00646969981173607	-0.284668884032987	-0.0761003641807919	-0.240668551014834	0.000907062508019797	0.000160344386020519	0.537395968647214	0.0260981111049692
Leptospirales	0.000212564838528939	3.52859209291754e-05	0.0207640051849278	0.00356097685873803	-0.201354395134737	-0.122334648769135	-0.181897272055303	0.000919826028543409	0.00015551942928044	0.083759885322251	0.0166178920074441
Fimbriimonadales	0.000250362703509643	5.44446461568148e-05	0.284820923326665	0.00476632575606465	-0.258120690926878	-0.0736897578640003	-0.232272594214914	0.00106404148991598	0.000208997190085837	0.517460914135468	0.0214035005649696
Magnetococcales	0.000258853615780263	2.56071597784186e-05	0.318008700555087	0.0301706224600498	-0.275007234129337	-0.0698855653464002	-0.179391121935625	0.00106740319891516	0.000124377633209462	0.555681849537085	0.0886494832776773
Salinisphaerales	0.000260369834952145	2.68013761526107e-05	0.437054337360845	0.477753195427964	-0.30429983015533	-0.0605042235977995	-0.0646753444017251	0.00106740319891516	0.000127574550486427	0.615496640780361	0.642402601761896
Holosporales	0.000264608356033591	5.77837554850211e-05	0.0054013631544012	0.00519337009301522	-0.222920977451485	-0.169600152351763	-0.199142305470154	0.00106740319891516	0.000218294187387857	0.0357090119652079	0.0220718228953147
Unclassified Coriobacteriia Class	0.000304028999286388	8.27127017536065e-05	0.0232937377971257	0.935259718550256	-0.461535742453329	-0.291013965556975	0.0119858911115082	0.00120598169716934	0.00030285573872859	0.0894178967050953	0.963677802384669
Unclassified Tissierellia Class	0.000357835628245873	7.95966846840864e-05	0.0417506112208102	0.0026785438276192	-0.2614734612529	-0.146400897608859	-0.255590036736898	0.00139614556594291	0.000296000171168946	0.129047343773413	0.013295589093521
Caldilineales	0.000376514668616101	2.52950814125771e-05	0.260738307242037	0.197324822803538	-0.266146310787116	-0.0763409319870675	-0.102500418665256	0.00144533050210697	0.000124377633209462	0.484810290028162	0.346045203056134
Rhodobacterales	0.000391183728526756	2.74594173954482e-05	0.239473322139272	0.0753239775168554	-0.211842320360492	-0.0639492929833505	-0.113783093999522	0.00147780519665663	0.000128143947845425	0.459634279589893	0.173076992970884
Anaerolineales	0.000410865354686485	0.000164013902557651	0.8889562844515	0.0500889230443999	-0.18717929818332	0.00751436428388993	-0.124894863229201	0.00152790553774037	0.000506952062450921	0.937220686665376	0.126369701041949
Rhodospirillales	0.000418972328579459	2.96524174572406e-05	0.226642647469602	0.0666655984409066	-0.218048872465431	-0.0679986826916919	-0.121434735865662	0.00153408329541402	0.000135716833746601	0.442138935227584	0.158664124289358
Pleurocapsales	0.000431803285971588	0.000123569699091775	0.00346114886749098	0.00799982064004959	-0.231194809434526	-0.194397856747436	-0.204674218231453	0.00155710881910967	0.000426225918606412	0.0279946102107733	0.0312124149562591
Mariprofundales	0.0004922534877978	4.58766166095014e-05	0.0112760214749077	0.201992440429667	-0.263370478423491	-0.179260977726021	-0.103939093696344	0.0017486019417295	0.00018506160598409	0.0609569824144892	0.348380884435947
Chlorobiales	0.000511648489752048	3.84018067360067e-05	0.339115300635395	0.210588099142141	-0.219282319155669	-0.0547456815012136	-0.0840248258656119	0.00179076971413217	0.000160344386020519	0.577656575210465	0.357999768541639
Pseudomonadales	0.000578108520461029	4.75669106029384e-05	0.345518773441749	0.0907787150132296	-0.174202611736118	-0.0435909391728535	-0.0920532621658299	0.00199405547637283	0.000185588929893432	0.577656575210465	0.194642650208546
Phycisphaerales	0.000604839389168665	0.193354418942695	0.0166699664200641	0.0100709206993101	-0.0943141463194245	0.199883508415245	0.252359630545159	0.00205645392317346	0.219135008135055	0.0752955085223735	0.0357743153199372
Planctomycetales	0.000620084577239499	3.66936481634286e-05	0.0656981722380624	0.116597208798724	-0.220727478372631	-0.106469887078289	-0.10577396868484	0.00207859337159156	0.000158783422961745	0.172279405099027	0.235170641475391
Bacillales	0.000699182875797622	0.00781592141657284	0.00462329926007924	0.000273609503626534	-0.122414026534344	-0.147313579770525	-0.224544518016912	0.00231118783944214	0.0110725553401449	0.0331740543010859	0.00283126355926588
Bdellovibrionales	0.000838202931156773	9.12935607849861e-05	0.0576974885236652	0.0144202836284348	-0.187497148673777	-0.0989554953748024	-0.150156422048562	0.00273277120020975	0.000329210113133738	0.159674444984097	0.0483384155432039
Pirellulales	0.000962557138862064	0.00021251919236857	0.959373115424992	0.311496223137742	-0.178975574089975	0.00267346808648514	-0.062379099207447	0.00309579187904285	0.000609392382936381	0.971620431792119	0.484549680436487
Acidilobales	0.00114610052637887	0.000666158575755278	0.0244819715376296	0.00184003025384502	-0.236440528361695	-0.171893090018239	-0.281137729654215	0.00363695900370894	0.00134360797482844	0.0910423316555601	0.0101843534980259
Thermoproteales	0.00117862975621819	0.000132333350031113	0.0527751182334039	0.0159341238839054	-0.225198277544765	-0.124873832567738	-0.183028348436734	0.00369097213131485	0.000449933390105784	0.151331061922291	0.0519496093749245
Parachlamydiales	0.00124936796651853	0.000208698795177826	0.036574092905219	0.00930462746753702	-0.197895522336104	-0.121869251606589	-0.178094039467617	0.00381814376524432	0.000605735527467348	0.117630190695164	0.0335530505647547
Thermales	0.00125132442726494	0.000101636044771053	0.373332051597095	0.234423378749826	-0.246406283576052	-0.0611398409208053	-0.095761284345335	0.00381814376524432	0.000361035502321053	0.588430650861647	0.387449750989295
Rhizobiales	0.00132386637763959	0.000111713156166637	0.402146873273967	0.215017375783437	-0.190714561181972	-0.0448188560875145	-0.077840287522994	0.00396573446399962	0.000390996046583231	0.597548478592738	0.36293713075502
Unclassified Acidobacteria Phylum	0.00133301998789903	0.000139582917486473	0.45787739913448	0.0850940230640357	-0.340830727395531	-0.0720805894754017	-0.197207217783617	0.00396573446399962	0.000458970231513376	0.630102460450739	0.185801628341656
Orbales	0.00135266091443409	0.000325527051956418	0.0115254798682858	0.0103587834974655	-0.198016770357631	-0.153267298635306	-0.181279746927769	0.00397448515599152	0.0008155309301645	0.0609569824144892	0.0362557422411293
Unclassified Epsilonproteobacteria Class	0.00140244161991432	0.000268343299243742	0.0427804380691181	0.00734300350102443	-0.202167648677109	-0.123187446879944	-0.192243594918286	0.00407050128706839	0.00072141495522882	0.130535182826284	0.0291272472207303
Nitrosopumilales	0.00148643701686058	0.000257135227553944	0.0592504956777208	0.00890447954096926	-0.232720464646968	-0.130547553320275	-0.212661270525149	0.0042623133736484	0.000703427404113089	0.162087562888478	0.0334452111009797
Acidothermales	0.00166500442274553	0.000208103108637233	0.62005063524779	0.11076743613006	-0.250847774626418	-0.0362439366969237	-0.137117098550508	0.00471751253111234	0.000605735527467348	0.76965126577518	0.227264222404778
Unclassified Alphaproteobacteria Class	0.00169817757457325	0.000140776583615447	0.380231139800163	0.25227076527412	-0.205026466683626	-0.0512900730774121	-0.0784536597002541	0.00475341825144354	0.000458970231513376	0.594977839357633	0.408438381872385
Elusimicrobiales	0.00173413341799333	0.000243262488724977	0.015074109873647	0.0273944045471321	-0.249231942232217	-0.182473174712421	-0.193068234120087	0.00475341825144354	0.000681134968429935	0.0717527629985596	0.081498353527718
Pseudonocardiales	0.00173759406670415	0.000178291117054065	0.39938550003508	0.560952239064792	-0.214477605099709	-0.0524340292597695	-0.0422986113951834	0.00475341825144354	0.000531875849861749	0.597548478592738	0.717777596222691
Nitrosomonadales	0.00182024179763152	0.000150924389280651	0.351218768598367	0.134090193588714	-0.167147962492192	-0.0446185026583501	-0.0842571753777772	0.00490999342265079	0.000485405468226959	0.577656575210465	0.259459073773284
Syntrophobacterales	0.00185862661958081	0.00026977281939229	0.370116323937049	0.0265223768789374	-0.200072678780448	-0.053557711514436	-0.15708737730276	0.00490999342265079	0.00072141495522882	0.588430650861647	0.079902856926419
Desulfurococcales	0.00185872954569222	0.000220788053762285	0.147427944969026	0.019897585351559	-0.219167884623365	-0.0936475216839845	-0.177770892743159	0.00490999342265079	0.000625566152326475	0.324887508357669	0.0615016274502732
Bacteroidetes Order II. Incertae sedis	0.00187735042630766	0.000320220966511184	0.641088043348049	0.867521755815371	-0.238514756330992	-0.0336104363958081	-0.0140613116586827	0.00490999342265079	0.000810772234358105	0.775615463794722	0.938959323997028
Bacteroidales	0.00203606104165033	0.0437318103856993	0.00865913676146037	0.000487815880384722	0.246269392025526	0.363660491156474	0.572233968815864	0.00526720139035628	0.0533752352399817	0.0513889872807033	0.00430000664931718
Gloeobacterales	0.00206366984121464	0.000178781798272857	0.402248372018721	0.197740116032076	-0.210558629085243	-0.051217789183739	-0.0924964868943691	0.00528121959364608	0.000531875849861749	0.597548478592738	0.346045203056134
Thermococcales	0.00217179715922533	0.000353957947719295	0.0802316109208745	0.0113323940054763	-0.192725196627782	-0.103205143622881	-0.176252030089864	0.0054713069678579	0.000868474139764867	0.203139610629448	0.0390885474391792
Calditrichales	0.00218392505019538	0.000154271653912607	0.0846039196005882	0.105052485536447	-0.244720839527447	-0.121128938584436	-0.132610400019818	0.0054713069678579	0.000489555381749339	0.211955082788842	0.217412970066734
Desulfobacterales	0.00221957308417209	0.000171283438656144	0.0888677544252821	0.0635708638312547	-0.185358764170813	-0.0916051655068785	-0.116998994857982	0.00550060789337172	0.000522634082053362	0.216707115350634	0.15438638359019
Coriobacteriales	0.00224184439351705	0.000526974015505193	0.0901428757130788	0.835993624596857	-0.491929558383796	-0.264002850678189	0.0373580723045787	0.00550060789337172	0.00110990987336492	0.216707115350634	0.925425500716521
Egibacterales	0.00229337559675169	0.000486199038110935	0.806239425162244	0.908199293193738	-0.231154114444357	-0.0177328665102934	-0.00975522679257147	0.00555085453703757	0.00103475692352535	0.896658799946795	0.960673030133821
Tepidiformales	0.00230896890406185	0.000160951465527575	0.0882661629883632	0.236262144566032	-0.276089765622337	-0.136368892662733	-0.110364431257315	0.00555085453703757	0.000504032220994247	0.216707115350634	0.387795795908383
Synechococcales	0.0027329625209116	0.000309700484974108	0.218176459471631	0.0314253205562059	-0.166060321350937	-0.0619059170574059	-0.127801986400347	0.00644268293813757	0.000792566832514385	0.429140474002051	0.0901111601491206
Bradymonadales	0.00273407973425166	0.000247673804994919	0.389985474536936	0.382095659624566	-0.182360510940675	-0.0466697708797228	-0.0555703680402542	0.00644268293813757	0.000685422855683614	0.594977839357633	0.557657455395349
Endomicrobiales	0.00277125600751038	0.000296069033860313	0.206603008019337	0.0356314447949524	-0.241827717557073	-0.091848122882838	-0.180054672215418	0.00646626401752422	0.000774334396250048	0.409762632571685	0.095284088328075
Flavobacteriales	0.00286036231071174	0.000285870224828863	0.165592288762494	0.0379957882177438	-0.188618935240666	-0.0785590088621897	-0.138384681848179	0.00660938087329509	0.000755967927880771	0.348769599340475	0.1004777510647
Fusobacteriales	0.00301975227877005	0.00040288928152344	0.0166738819552546	0.0580962185782842	0.325712079868304	0.243388863973557	0.223476344056166	0.00691058694564684	0.000915758259648498	0.0752955085223735	0.143172986347005
Unclassified Cyanobacteria Phylum	0.00311745881387948	0.000304602736875513	0.341564531499653	0.0770847111550998	-0.174570570600144	-0.0501207969636462	-0.109777426908799	0.00706623997812682	0.000787994036699698	0.577656575210465	0.173076992970884
Corynebacteriales	0.0032599219118663	0.000411706444463821	0.692348545675092	0.370239680599986	-0.180850463266596	-0.0220695010391745	-0.0585953614163246	0.00731944731154887	0.000915758259648498	0.807739969954274	0.548698121480484
Deinococcales	0.00332861550202868	0.00039118026153613	0.582608484499888	0.482004267213363	-0.192436110348147	-0.0325569554872594	-0.0487927230541514	0.00740383635030677	0.000912753943584303	0.737557549526454	0.64447761571225
Nitrospirales	0.00338915331436218	0.000371222277980851	0.0618633313127746	0.0339681248723852	-0.170761085068411	-0.0983162033010286	-0.130898446474361	0.00746868971127962	0.000897709080343806	0.165432279240903	0.094004810693345
Xanthomonadales	0.00360792527948406	0.000486944434600166	0.698566959361525	0.496563707530074	-0.178920691521565	-0.0216910190454594	-0.0446225365889741	0.00787748708052549	0.00103475692352535	0.81101920160021	0.660235544090266
Bryobacterales	0.00367249448493268	0.000598496073071398	0.458015654025117	0.0353797482109397	-0.199122206732458	-0.0470854867377065	-0.158136281262885	0.00787748708052549	0.00122794883957752	0.630102460450739	0.095284088328075
Sphingomonadales	0.00367395405856441	0.00044855373770362	0.549767347159849	0.600516222507135	-0.179428855105523	-0.0333902472058736	-0.0342106719766662	0.00787748708052549	0.00097050717794056	0.70899122746355	0.756205613527504
Streptosporangiales	0.00370818291564867	0.000409973455009617	0.469348170233279	0.571384218489638	-0.198391494335846	-0.0443655035596492	-0.0406013964998106	0.00787988869575343	0.000915758259648498	0.641981979974255	0.723348106385818
Caulobacterales	0.0040103244628098	0.000387378463392911	0.420957078956852	0.443833921616314	-0.199669388578714	-0.0494455253671639	-0.0550592576027998	0.00842693793852682	0.000912753943584303	0.598187073624338	0.617733762249607
Cellvibrionales	0.00403643245794982	0.000373416802327886	0.230878903272316	0.0660569028551169	-0.164669418125551	-0.0605884749969174	-0.109404481515524	0.00842693793852682	0.000897709080343806	0.44674129251066	0.158664124289358
Candidatus Brocadiales	0.0041242907933885	0.00616299477212682	0.0464703269092074	0.00156937417323904	-0.165748667254982	-0.133906208743003	-0.252395290271442	0.0084990543324257	0.00899872856298272	0.138249222554892	0.00957720649309977
Unclassified Dehalococcoidia Class	0.0041423962292495	0.000377411938149226	0.0479996688917512	0.0839257081008505	-0.236579181371995	-0.144855583244488	-0.147655739435463	0.0084990543324257	0.000898240412795159	0.141036064151071	0.1849473937778
Methylococcales	0.00419384083020091	0.000444216349030584	0.255362679432732	0.050441687390694	-0.159930597256475	-0.0565416527910641	-0.114588189387376	0.00853106083408391	0.000969940285039257	0.478553682716459	0.126369701041949
Gemmatimonadales	0.00434538798632267	0.000592540896869335	0.72324169582142	0.447683323645273	-0.216621538516751	-0.0244198123791976	-0.0613822840274468	0.00876442661648131	0.00122630203004262	0.83155325413284	0.619368991342998
Desulfuromonadales	0.00442168354641748	0.000405865675291862	0.408452387802673	0.170136127497151	-0.178436300215165	-0.0454890333724954	-0.0886380086963259	0.00879097858698266	0.000915758259648498	0.597548478592738	0.311479987264015
Acidobacteriales	0.00446899955021052	0.000408286488080724	0.422249699028944	0.335672704691657	-0.18412309573583	-0.045579581555435	-0.0640150010338113	0.00879097858698266	0.000915758259648498	0.598187073624338	0.515420023978157
Streptomycetales	0.00446936306312984	0.000640908183025905	0.630596625320001	0.700405150377397	-0.195438311984507	-0.0301260472589983	-0.028211193227351	0.00879097858698266	0.00130372775692449	0.76965126577518	0.841901140352628
Neisseriales	0.00475651944266864	0.000353221618599852	0.162785080507352	0.161793259820023	-0.162185526187986	-0.0693380100894973	-0.0813136892920351	0.00927911169963226	0.000868474139764867	0.345918296078123	0.304734195142425
Chromatiales	0.00513287871160384	0.000437160044372314	0.351087378178536	0.219949373715519	-0.173441608477556	-0.0502693628143667	-0.0775472872389187	0.00993191165334727	0.000963371208894545	0.577656575210465	0.368647541861221
Desulfovibrionales	0.00520526713894609	0.860702102000956	0.107540782579305	0.00167307245912676	-0.0148729391525787	0.15620657042944	0.365598485684532	0.00999075466991266	0.871689788409478	0.250928492685044	0.00973437919230929
Unclassified Mollicutes Class	0.00538168351468449	0.0021696494852884	0.414357739319661	0.00884308154119819	-0.301077843259194	-0.0877037258024628	-0.334268236115615	0.0102467254119593	0.0037178660482102	0.598187073624338	0.0334452111009797
Kineosporiales	0.00560353715512174	0.000794861388005213	0.0227501155066971	0.0583520154439475	-0.248094034016324	-0.187238359244304	-0.181181001360276	0.0105844590707855	0.00155994793224116	0.0887627457474411	0.143172986347005
Egicoccales	0.00568548047739448	0.00079963717535051	0.389023832011174	0.89631956840154	-0.250555617322284	-0.070444004862722	-0.0124331845866538	0.0105992235982116	0.00155994793224116	0.594977839357633	0.960673030133821
Desulfarculales	0.00570042277550875	0.000947103073311816	0.881234418211876	0.384268162541333	-0.213338515539266	-0.0105700094112152	-0.0722299609806132	0.0105992235982116	0.00178897247181121	0.936311569350119	0.557657455395349
Methanomassiliicoccales	0.00592737132548227	0.000895725941787033	0.150495240095123	0.0230139217954816	-0.18250230001465	-0.0867645661445177	-0.161882355967605	0.0107390144004263	0.00170546219316251	0.327852610273887	0.0702219665041618
Oscillatoriales	0.00592961555988947	0.00323327505255766	0.0175263068788982	0.0091341963090911	-0.16458759375508	-0.147132878464732	-0.188040514609904	0.0107390144004263	0.00516456015106526	0.0758411097668686	0.0334452111009797
Unclassified Armatimonadetes Phylum	0.00593460390120759	0.00153513546773899	0.829538976602853	0.500316779073644	-0.212682821496553	0.0158416667898862	-0.058061440748317	0.0107390144004263	0.00274708452121714	0.914216846463476	0.661120675691536
Unclassified Bacteroidia Class	0.00595609202040448	0.514120068165963	0.0326296287111899	0.00129166620340122	0.0741079145053946	0.277006195664186	0.495672014020452	0.0107390144004263	0.546252572426336	0.112422744911032	0.00830855557863489
Haloferacales	0.00603162512415567	0.000958843500529858	0.841486868871909	0.466913038925181	-0.181389460841017	-0.012036519650372	-0.0513289287976167	0.0107695260292173	0.0017968878198906	0.914492578956686	0.635001732938246
Jiangellales	0.00607899411731949	0.000733118097051663	0.201216179606827	0.782147047938731	-0.23258811924572	-0.0967475280702859	-0.0243771830895195	0.0107695260292173	0.00145401755915246	0.40597025868584	0.88865987684304
Actinopolysporales	0.00610876476447197	0.00122674098546771	0.0339040106400158	0.753870875716591	-0.261415116205203	-0.190625684875264	-0.0325071558743466	0.0107695260292173	0.00226328957008772	0.113650063835546	0.880745326176132
Micromonosporales	0.00637324910819959	0.000711832047266283	0.516040381752144	0.511857378605077	-0.193228258919582	-0.0406133137021031	-0.0480190423221604	0.0111531859393493	0.00142366409453257	0.689986577848373	0.669351956637408
Unclassified Planctomycetes Phylum	0.00666836052501796	0.000591084354589081	0.276967940069176	0.119445972540427	-0.161760462890345	-0.0560482920299238	-0.0942817539361984	0.0115844511310531	0.00122630203004262	0.507064382588183	0.236901178871846
Selenomonadales	0.00684548411114438	0.0015680910740463	0.00889889030673228	0.112379950143502	-0.272108886994006	-0.252779342202774	-0.177119190597564	0.0118059798438577	0.00278511698226134	0.0513889872807033	0.22860194986456
Myxococcales	0.00719082168338447	0.00241104500107525	0.800934788776049	0.904527078105821	-0.172069861926645	0.0157646108939916	-0.00877851482855266	0.0123123421629173	0.0040410472553233	0.894941219383567	0.960673030133821
Eggerthellales	0.00738823551302015	0.00228061963981561	0.00718487855839922	0.101123732870683	-0.317397382803536	-0.311518291510874	-0.217693178118318	0.0125600003721343	0.00384955655514975	0.0450000288657636	0.212986269232058
Frankiales	0.00778704579900591	0.00107400735113721	0.629379341685544	0.658982318638159	-0.197810097641256	-0.0320356837628635	-0.0342894078724848	0.0131440914905206	0.00199698241852074	0.76965126577518	0.804296368389138
Unclassified Betaproteobacteria Class	0.00807084551083292	0.00152276044975372	0.64583866392992	0.999831252367448	-0.159744600748507	-0.025420270713587	-1.36770007379763e-05	0.0135233511930785	0.00274558323516201	0.775615463794722	0.999831252367448
Tissierellales	0.00812537487651355	0.0258370987227887	0.0352687501660453	0.00189958291594047	-0.130614324530934	-0.13886665015595	-0.243048274557736	0.0135233511930785	0.033060373634536	0.116582813048872	0.010275016681678
Unclassified Thaumarchaeota Phylum	0.0083474977976592	0.00355294312983805	0.0147963166290993	0.0193454774492617	-0.224612624541528	-0.209264828671594	-0.233422484041725	0.0137965588600201	0.00552680042419252	0.0717527629985596	0.0605818899068985
Rubrobacterales	0.00840783258857691	0.0123578291006147	0.245277131095671	0.901473161028614	-0.14304858372949	0.0742969049047973	0.00923095288485237	0.0138004424557331	0.0166167419544989	0.463301247625156	0.960673030133821
Sedimentisphaerales	0.00908400312919322	0.000848615953352545	0.119177269713693	0.091801014412102	-0.167705498722588	-0.0862020542626306	-0.10920519492696	0.0148081694845752	0.00164203737315371	0.272732597998643	0.195077155625717
Natrialbales	0.00950956511397272	0.000879406628517423	0.386877125683191	0.339741753086116	-0.179978555744325	-0.051295491493222	-0.0662306344224242	0.0153964387559558	0.00168789336763828	0.594977839357633	0.518323956631383
Nitrososphaerales	0.0110695803743759	0.00166678222152081	0.20298512934292	0.035333947222142	-0.213609560591373	-0.0950661279745166	-0.185115512752868	0.0177081363948982	0.00293847532386631	0.40597025868584	0.095284088328075
Methylacidiphilales	0.0110861862304195	0.00268127425520463	0.0261565658301348	0.0332621384797196	-0.182533452679301	-0.150850757344081	-0.168539588522172	0.0177081363948982	0.00440098808785311	0.0957732718088012	0.0931339877432149
Archaeoglobales	0.0114970864859554	0.00185918506222303	0.0514718908431016	0.0443750443605815	-0.203475127859587	-0.140736906787549	-0.169553498809744	0.0182172730286805	0.00322982514459183	0.149394024642173	0.11479631041107
Rhodocyclales	0.0115580177618939	0.00291089265447119	0.945440307250762	0.997096554919024	-0.156408716650193	-0.00396471030559279	0.000246753340133246	0.0182172730286805	0.00471287382152478	0.971620431792119	0.999831252367448
Ardenticatenales	0.012221815957131	0.00185427187436971	0.621864573088034	0.778027221398148	-0.204956483709501	-0.0357880069953394	-0.0239375016195118	0.0191367907749815	0.00322982514459183	0.76965126577518	0.88865987684304
Unclassified Halobacteria Class	0.0127183949075997	0.00146667148871109	0.135519462755724	0.635136801703447	-0.203089733146508	-0.105368228507331	-0.03895502533442	0.0197841698562663	0.00266463980391785	0.307177448912973	0.783711211660501
Euzebyales	0.0128796032703069	0.0064362224641469	0.839168635500643	0.622592078488972	-0.178735225118806	0.0147557410741844	0.0419143695306123	0.019904841417747	0.00934037162479855	0.914492578956686	0.775795364818719
Unclassified Bacteroidetes Phylum	0.0131383519392995	0.367738803947438	0.028297888236276	0.00320639070795375	0.087538071365858	0.242353614567032	0.383666655358403	0.0201737274938921	0.399643083741964	0.100520856719906	0.0155738977243468
Burkholderiales	0.0137450426543779	0.00289166707505599	0.669595357968718	0.919578695629357	-0.150547115473429	-0.0237777671147081	0.0065803147541032	0.0209700009727048	0.00471287382152478	0.796818475982774	0.963677802384669
Chitinophagales	0.013989412122377	0.00143617762833212	0.319867283136894	0.568382866594912	-0.154766960325833	-0.0530229844826348	-0.0354601425522327	0.0212068795230938	0.00262930981186957	0.555681849537085	0.723348106385818
Chrysiogenales	0.014590633329883	0.00263637310749191	0.0536042447962638	0.0413303595072599	-0.179263770267484	-0.127796319736103	-0.158059487247659	0.0219782957753933	0.00435733888599358	0.151878693589414	0.108094786403603
Gemmatales	0.0171429870237723	0.0117425716027825	0.483808940896077	0.825905838028146	-0.142509663611884	0.0441001830184745	0.0161941344020255	0.0256605717714327	0.01587915932649	0.650545355555177	0.922843142961027
Acidimicrobiales	0.0174319287583145	0.0213549387576762	0.404302845466223	0.475535724455747	-0.159454567915107	0.0646229715224716	0.0646895145230367	0.0259299940279927	0.0276923779879227	0.597548478592738	0.642402601761896
Cytophagales	0.0187385362609604	0.0038938938863458	0.952097898291681	0.784111656037976	-0.138612001614757	-0.00317971523529732	-0.0169626620829357	0.0277004449075067	0.0059464459653805	0.971620431792119	0.88865987684304
Catenulisporales	0.0189704233694807	0.00412135386358019	0.957597119330125	0.191202580180482	-0.182886049012565	-0.00374577739309817	-0.108360668752423	0.0278701281601013	0.00620811531349421	0.971620431792119	0.339598612559364
Methanocellales	0.0198882675602938	0.00331645049245345	0.47276992602797	0.0676957578775651	-0.169735440775288	-0.0457819414755649	-0.137474167502547	0.0290393109162572	0.00526210144802614	0.642967099398039	0.159520696780797
Thermomicrobiales	0.0203488997595176	0.0089029390711693	0.889965862127626	0.0761467289087689	-0.189911913461732	0.011092043939166	-0.16766336173359	0.0295307203827146	0.01239122513999	0.937220686665376	0.173076992970884
Unclassified Blastocatellia Class	0.0209809316062948	0.00367586328033918	0.590731895344439	0.973664165161059	-0.215020820640275	-0.0439021243645457	-0.00314881694442695	0.030132657952037	0.00568087961506965	0.743884608952256	0.990307997044154
Halobacteriales	0.0210168958825132	0.00311484815453543	0.753722907437542	0.53222225716757	-0.168220726376349	-0.0196979300852791	-0.0459417975968669	0.030132657952037	0.00500901257283401	0.858797207041142	0.688417919597183
Unclassified Kiritimatiellaeota Phylum	0.0217673772687421	0.00222755956750079	0.111739731585119	0.186544109127793	-0.18900385961649	-0.108747939510842	-0.10530738655367	0.031021771197369	0.00378685126475135	0.258194719585031	0.333815774228682
Nevskiales	0.0224439025655583	0.00683671515845116	0.953888619228566	0.886754461108135	-0.169184723406655	0.00400668226742324	0.0115488274714628	0.0317955286345409	0.00974334256114597	0.971620431792119	0.954966342731838
Sphingobacteriales	0.0229119723531775	0.00217135874244209	0.288144035586682	0.307328139165905	-0.159756291106569	-0.0607841259245009	-0.0681506475444202	0.0320812672331757	0.0037178660482102	0.519532427800229	0.481211165272931
Unclassified Actinobacteria Class	0.0229151908808398	0.00593691881555235	0.974522967393041	0.162610263794487	-0.162794360309573	0.00208618364707163	-0.107280491128952	0.0320812672331757	0.00872213998828061	0.978634878647864	0.304734195142425
Immundisolibacterales	0.0231853476442538	0.00389767046470319	0.67746349400944	0.852800259763288	-0.201142904968264	-0.0320163718848696	-0.016706658478327	0.0322696651422948	0.0059464459653805	0.798997260313179	0.935329317159735
Solirubrobacterales	0.0235193934038289	0.00507578039230843	0.870615475341454	0.960999612354498	-0.216539466297152	-0.0138824565224893	-0.0048713751559644	0.0325442769192516	0.00759770901490193	0.935531037159306	0.981621921632491
Nakamurellales	0.0250266674951367	0.00250114297175747	0.160897662367135	0.183014869904921	-0.163003723350725	-0.0837476797347076	-0.0930133735137741	0.0344297506580494	0.00416274144949845	0.344987780570974	0.32998135634372
Acidaminococcales	0.0267407488237299	0.301541167522244	0.0895824868433351	0.0808299560715467	-0.169058724484165	0.316850989884836	0.38160802055979	0.0365764265519984	0.332253693843954	0.216707115350634	0.179789995747926
Geodermatophilales	0.028398927117038	0.00873356437451734	0.91012924845087	0.92539669523851	-0.172544684409712	0.00824292794434648	0.00800381696802424	0.0386225408791716	0.0122269901243243	0.954232427891221	0.963677802384669
Silvanigrellales	0.0301658564558152	0.00353919087001346	0.368485646632029	0.150891894678585	-0.175881869182623	-0.0599162415951946	-0.112374237114249	0.0407924649800228	0.00552680042419252	0.588430650861647	0.287298167468026
Unclassified Vicinamibacteria Class	0.0318392645159713	0.00339551476809951	0.409245386599228	0.355221945241646	-0.206038142254264	-0.0640382270465416	-0.0839309960700722	0.0428121183887072	0.00535187095899128	0.597548478592738	0.535081158022226
Emcibacterales	0.0330752557239179	0.00399667374814774	0.243036646970947	0.118123270216704	-0.148220732009593	-0.0664713059328568	-0.104341573061689	0.0442242183274857	0.00605865192394371	0.462741775832683	0.236246540433408
Unclassified Chlamydiia Class	0.036203207996631	0.0657938796935233	0.00713931897600517	0.087959010942435	-0.091268212842012	-0.151242582671366	-0.109829628151324	0.0481361089564144	0.0790855725609017	0.0450000288657636	0.190311314584541
Unclassified Bacilli Class	0.0379161708029336	0.185235093605735	0.417039420356911	0.00429091537251957	-0.0707555006494079	-0.0485891251596539	-0.204025733261131	0.0501336036172123	0.210937570708923	0.598187073624338	0.0196391895896088
Actinomycetales	0.0382937392234595	0.014389652078092	0.924686771000562	0.605216940869476	0.220866928275378	0.00946004339865783	-0.0604975036650877	0.0503530935645489	0.0192400965987971	0.962559193518205	0.758113852247028
Unclassified Methanomicrobia Class	0.0398154290916622	0.0189600550249971	0.045141427914196	0.0306021008844344	0.175003772712509	0.168276154520111	0.212823213375111	0.0520663303506352	0.0249309010825929	0.135995694222515	0.0888207318353096
Unclassified Candidatus Bipolaricaulota Phylum	0.0430827757577578	0.127429822766165	0.0238212564313467	0.0173921478168247	0.103865402795691	0.176246841025603	0.217489521749007	0.0560311509854992	0.14794291618706	0.0899914131850875	0.0551910824053903
Methanobacteriales	0.0434750181275569	0.0926989259997363	0.151528517353477	0.716325140249847	-0.251768587842899	0.24324386478892	0.0717256925266807	0.0562339908389052	0.109762907402673	0.327852610273887	0.852426916897318
Dehalococcoidales	0.044411308440428	0.00559406438015426	0.105176695364055	0.260499022250231	-0.206691835339249	-0.134494039374462	-0.108711278102152	0.0571345481557938	0.00826948647501064	0.247842113828169	0.418910589834831
Unclassified Thermoplasmata Class	0.0467933961376569	0.00661129595828643	0.329573135932822	0.800550834235988	-0.223177133419232	-0.0886265318233481	-0.0267460644028825	0.0598496822980159	0.00953629356407376	0.568394248927621	0.902990988379929
Unclassified Candidatus Cloacimonetes Phylum	0.0470247503770125	0.00529485931518114	0.193640342957146	0.40579678314176	-0.176767629837574	-0.09167329182127	-0.0684076947422113	0.0598496822980159	0.00787610323133194	0.397296565722421	0.581805026432162
Sphaerobacterales	0.0575920757757871	0.0106413909663159	0.451791753980499	0.984307503796072	-0.186243123831908	-0.0610199529314574	0.00186322555304415	0.0728038301004935	0.0146396014449895	0.628809575715548	0.992649092811293
Limnochordales	0.0578148062562742	0.0066814805612174	0.368470396145929	0.41078609446073	-0.192295697757083	-0.0706290887164718	-0.075483122329126	0.0728038301004935	0.0095794721299382	0.588430650861647	0.58543167953086
Glycomycetales	0.0591525146902108	0.0228135513478694	0.648518812164495	0.867945593610698	-0.152324673806152	0.034065653298832	-0.0145380772044378	0.0740963078751061	0.0293493255177996	0.775615463794722	0.938959323997028
Micrococcales	0.062054871497637	0.0214092334024276	0.030780796599111	0.149899886817922	0.139579524810957	0.147793609359368	0.114197577435006	0.0773249184106681	0.0276923779879227	0.107732788096888	0.287298167468026
Unclassified Balneolaeota Phylum	0.0633939937628113	0.0115185198679624	0.565819060978214	0.127439404301303	-0.159047576557415	-0.0401320865923852	-0.125365854934805	0.0785821381018182	0.0157552168308912	0.720133350335909	0.248611296915657
Unclassified candidate division Zixibacteria Phylum	0.0642691501338806	0.00801047805965575	0.48358989673686	0.372057192500288	-0.221674586713246	-0.0647521597151769	-0.0964464790249812	0.0792541851391895	0.0112810282733613	0.650545355555177	0.548698121480484
Aeromonadales	0.0677963481850022	0.0183971423420142	0.678140531862446	0.733259772402883	-0.132851432676853	-0.025993988987379	0.0249458427103819	0.0831728395259306	0.0243251104299966	0.798997260313179	0.86393973184102
Propionibacteriales	0.0761995718440539	0.00953804526306257	0.420506431777385	0.450213594547642	-0.167626549273363	-0.0578254931131022	-0.0633663203198177	0.0930025543532555	0.0131979928640052	0.598187073624338	0.619368991342998
Acidithiobacillales	0.0794276963979855	0.0116675671616249	0.553539760612142	0.248243557863171	-0.132327503932696	-0.0345054936815998	-0.0788701354536542	0.0964479170546967	0.0158678913398099	0.70899122746355	0.404671005283799
Gloeoemargaritales	0.0936323475204421	0.0485456979312035	0.938841180729222	0.0689639641210747	-0.151146148335744	-0.00653358485222467	-0.182353702548273	0.113119282791194	0.0586491172975961	0.97149652614589	0.160915916282508
Unclassified Acidobacteriia Class	0.104590584890558	0.216592284937916	0.296678175115488	0.228989229685687	-0.0992607535563772	0.09483057698059	0.128031986170314	0.12571999597956	0.240883008482355	0.526935863264821	0.381114941714641
Victivallales	0.105570977611522	0.0951280592980553	0.610041890011195	0.351481675817989	-0.120504066566621	0.0412816167413783	0.0882934265974829	0.126260767193679	0.111529448832203	0.76415773590876	0.532819355698608
Chroococcidiopsidales	0.110958005250659	0.0167694545500952	0.290376633590598	0.679179910344268	-0.188089058227448	-0.0922250924327146	-0.0419249636315546	0.132040026248284	0.0222968166643724	0.519621344320017	0.820532074426069
Opitutales	0.117269589738883	0.0272541076741768	0.967249697030549	0.502785051681378	-0.144139728496807	0.00298917950249414	-0.0571505690906439	0.138856529143553	0.0346870461307705	0.975446728361316	0.661120675691536
Chthonomonadales	0.120806016940095	0.0213122495059352	0.191241165742661	0.172480342879415	-0.181896906954427	-0.115331527931202	-0.140737141877025	0.142335802137339	0.0276923779879227	0.395786064754376	0.31336123362825
Synergistales	0.122598818375968	0.502838499756775	0.0661379558974141	0.552772367351657	-0.0449286223576147	0.141099337179624	0.0528547279174479	0.143736545682169	0.536661717229204	0.172279405099027	0.71113418070105
Unclassified Proteobacteria Phylum	0.127912093575567	0.041582186658503	0.764424427852875	0.865860152328734	-0.0890701831686118	0.0146582395473827	-0.0096668882158249	0.149230775838162	0.0512775151540089	0.862877038252399	0.938959323997028
Isosphaerales	0.136037376222926	0.0308952293112789	0.926159896284323	0.841700342185927	-0.143937501418043	-0.00690400414472802	-0.0174130641755679	0.157936075810032	0.038905103577166	0.962559193518205	0.927429080741901
Thermodesulfobacteriales	0.136733182541665	0.031855637328372	0.344565706842477	0.104704105964891	-0.113874485877271	-0.0560386452076833	-0.113056245321188	0.157973288567555	0.0399033772850133	0.577656575210465	0.217412970066734
Parvularculales	0.14133183642197	0.0462534490039462	0.0604483265475194	0.456303877049092	-0.147397918782679	-0.156853130770789	-0.0720870182267452	0.162497473760526	0.0561649023619347	0.163485246798973	0.624139785848758
Puniceicoccales	0.15678046847415	0.0289819279245557	0.754153849880666	0.420234725771085	-0.14231943538841	-0.0228291420540159	-0.068910990106876	0.178628950159632	0.0366898874789588	0.858797207041142	0.591809850494191
Kiritimatiellales	0.156863237745223	0.0367933660121719	0.833550654128463	0.978361141162684	-0.149326704369106	-0.0168106634829487	-0.00253904148807852	0.178628950159632	0.0456084432859214	0.914216846463476	0.990850857858377
Campylobacterales	0.167133901583333	0.147169765060626	0.0330655132091271	0.32018260860799	-0.0968664871536425	-0.161916707054248	-0.0871826707231577	0.189168043363422	0.17003108778849	0.112422744911032	0.494827667848712
Candidatus Nitrosocaldales	0.167707803149925	0.798107098878262	0.554085581126976	0.0463746287523898	-0.019880351473295	0.052061609952366	0.207287577302233	0.189168043363422	0.818747799711321	0.70899122746355	0.118679157452352
Acidiferrobacterales	0.185768518876295	0.171535704119858	0.351933627754275	0.635530520380154	-0.084009342477411	0.0645638654703649	0.0383775621791468	0.208551450436595	0.196276430675607	0.577656575210465	0.783711211660501
Unclassified Chloroflexi Phylum	0.187987808416181	0.042345752461529	0.769655534462156	0.264562731204615	-0.20185402432233	-0.0326139079868779	-0.145988412459136	0.210052105178644	0.0519499437414634	0.864047250952798	0.422590134407371
Unclassified Nitriliruptoria Class	0.204553289497954	0.0349278904863806	0.273219424896259	0.397344653535772	-0.118786708795019	-0.069114759455857	-0.0623366026789565	0.227493845329501	0.0435227117055423	0.504079249033408	0.573139560857659
Unclassified Deltaproteobacteria Class	0.225760957746864	0.499835661527723	0.541196340459241	0.121434752425526	-0.0415104397829958	0.0426382381483713	0.127331135558128	0.249912129970948	0.53585985334954	0.707989434008165	0.238855132870042
Sporichthyales	0.227697255202423	0.118884264515309	0.548354625309049	0.932583600937861	-0.0959811177516705	0.0416880266232535	0.00687230983817902	0.250888642306374	0.138698308601194	0.70899122746355	0.963677802384669
Unclassified Verrucomicrobia Phylum	0.263315048824051	0.216372265017673	0.385840343449238	0.521119944341359	-0.0777723566119012	0.06168170131496	-0.0533471216998805	0.288797150323153	0.240883008482355	0.594977839357633	0.677740692640674
Marinilabiliales	0.290292486093527	0.0855930869231773	0.540641392982405	0.813466744056887	-0.0978292292941097	-0.0389330017937438	0.0175027826916444	0.316924824267245	0.101855773438581	0.707989434008165	0.913231533422355
Unclassified Deinococci Class	0.305371710444644	0.461636826352057	0.371973442409778	0.267825562880213	-0.0622533150696337	0.0857452302068322	0.124757560999406	0.331865146510618	0.497147351456061	0.588430650861647	0.424949893103271
Unclassified Gammaproteobacteria Class	0.311597966451523	0.647352772220354	0.0951722659568193	0.205500332501361	0.0192334301708395	0.0801650984645934	0.0709041536754624	0.337092345524829	0.678722289816935	0.22650999297723	0.351863878671396
Unclassified Phycisphaerae Class	0.326166788951658	0.358792528303131	0.370829962711932	0.439798973194121	-0.0627973925974106	0.0693076389668488	0.0699261232587844	0.351256541947939	0.391709274019015	0.588430650861647	0.61571856247177
Saprospirales	0.338951959145253	0.216414203760305	0.541403684829773	0.666462773901761	-0.078502344032642	0.0436101992583074	0.0359187469859474	0.36338092917374	0.240883008482355	0.707989434008165	0.809276225452138
Unclassified Euryarchaeota Phylum	0.36121838301789	0.207034428986888	0.643541779352163	0.367191280664969	-0.0838321594654226	0.034578885155464	-0.0788706392869506	0.385515583669317	0.233526986250613	0.775615463794722	0.548698121480484
Unclassified Spirochaetia Class	0.402525939740019	0.655516866691187	0.182647989588477	0.166288855947353	-0.0333173626947095	-0.113328085875881	-0.137790593463328	0.427683810973771	0.684267606458344	0.381317732649627	0.306796493918372
Unclassified Planctomycetia Class	0.407814976261054	0.155341158594619	0.846415083511242	0.935334337608649	-0.107526353512244	0.0165099050654932	0.00809193155752902	0.431377619333914	0.178604810364827	0.915667226707616	0.963677802384669
Unclassified Oligoflexia Class	0.484991047953612	0.745157472715423	0.201772237639086	0.761518198943067	-0.0144599341539806	0.064409435797485	0.0177964210081783	0.510742785013096	0.771075993505524	0.40597025868584	0.882069413837144
Unclassified Opitutae Class	0.51263790791676	0.574744380874996	0.146988822845898	0.413772762959239	0.035760829485647	0.10331786702061	0.0668215837043639	0.53747939244136	0.605261781629421	0.324887508357669	0.586178080858922
Cardiobacteriales	0.542609701212484	0.410846407099309	0.988761093281246	0.202002361563701	-0.0448731376160518	-0.000869086659084118	-0.0925787476634594	0.566408372318295	0.444461113134706	0.988761093281246	0.348380884435947
Unclassified Candidatus Micrarchaeota Phylum	0.612674134276358	0.246679101387242	0.449801456845231	0.931355516391384	0.0794405519241603	0.058005394939122	-0.00767501141389694	0.63675303038329	0.273068028512389	0.628809575715548	0.963677802384669
Fervidicoccales	0.786624003633763	0.309606656191588	0.626300104415735	0.763471845590133	-0.0849636936419722	-0.0453429602066169	-0.0324309001904208	0.813984838542764	0.339568590661742	0.76965126577518	0.882069413837144
Unclassified Negativicutes Class	0.801651411882757	0.562625388051796	0.704542860691004	0.710376083992557	-0.0466244003239932	0.0344975258660359	0.0394834031976953	0.825943878909507	0.595132632694789	0.813986411866306	0.849595517538837
Unclassified Thermotogae Class	0.848891463444437	0.763833088499281	0.764987626349816	0.373483595293439	0.0193258901140249	0.0217002483404632	0.0756033979431535	0.870845553016276	0.786979545726532	0.862877038252399	0.548698121480484
Methanopyrales	0.870368791340951	0.694323751507769	0.403890846794662	0.754924565293827	0.0330036472779064	0.0793569778636066	0.0346165300863031	0.88904623321522	0.721611584536459	0.597548478592738	0.880745326176132
Hydrogenophilales	0.94223199707605	0.808479425803303	0.534765093420284	0.831155208364787	-0.0170420037216381	-0.049527686990963	-0.0198878283220368	0.954736187270732	0.822299586928146	0.707989434008165	0.924368876592614
Unclassified Spartobacteria Class	0.942701697515218	0.88010531695504	0.686077036746584	0.724277087347774	0.0129407008255434	-0.0392251664240397	-0.0400107720807985	0.954736187270732	0.883818841499154	0.804366181013236	0.857601725317265
Unclassified Candidatus Korarchaeota Phylum	0.966296245094664	0.803878602916549	0.832471645275187	0.771009196307565	0.0219812871886322	-0.02119409611341	0.034110661622774	0.971168468578015	0.821129216713042	0.914216846463476	0.886474341648312
Pasteurellales	0.967087928794074	0.948403605066155	0.872638194325067	0.657142032206622	-0.00525110243987765	0.0146432219200284	0.0472884525317872	0.971168468578015	0.948403605066155	0.935531037159306	0.804296368389138
Unclassified Thermomicrobia Class	0.998066071805115	0.867126314804318	0.877434195126473	0.942180063782929	0.00959928270370352	0.0100160439523501	0.00550888079917761	0.998066071805115	0.87447484289588	0.936311569350119	0.966546789570419
