bugName	pval	p3M	p1Y	p2Y	s3M	s1Y	s2Y	Adjustedpval	Adjustedp3M	Adjustedp1Y	Adjustedp2Y
Fusobacteria	0.00180618037559077	0.000624712029105735	0.00750713179872626	0.00669032715248093	0.816797807729912	0.699449774587384	0.878080747735752	0.0614101327700862	0.021240208989595	0.085080827052231	0.113735561592176
Verrucomicrobia	0.00668932292993274	0.00219680931432905	0.00733548684435189	0.0357242316152081	0.772815210325973	0.752630862760588	0.71474930300727	0.113718489808857	0.0373457583435938	0.085080827052231	0.25104389465261
Synergistetes	0.0147803906171617	0.0192781299721516	0.0657511343581454	0.00406208673695349	0.33968513295965	0.297684607416409	0.593416330504258	0.167511093661166	0.162412329063007	0.319362652596706	0.113735561592176
Elusimicrobia	0.0312525687840357	0.771046691425715	0.00613479933459137	0.183480613410668	0.0533778628427926	0.598144421146888	0.346093956341308	0.217558449659856	0.845664113176591	0.085080827052231	0.623834085596272
Chlorobi	0.0319938896558611	0.0473335005173577	0.0110687255538832	0.0369182198018544	-0.238344907000403	-0.345435498418985	-0.34048285730122	0.217558449659856	0.232897063414451	0.0940841672080071	0.25104389465261
Candidatus Saccharibacteria	0.0508084533863994	0.0184578272367242	0.674551491858702	0.509964301988244	0.136313628339487	-0.0264565436938525	0.05133913730798	0.287914569189597	0.162412329063007	0.882105797045995	0.825656488933347
Deinococcus-Thermus	0.0923019144975142	0.827541862303179	0.0820465521768009	0.070460670328075	-0.0217460479444871	0.201945055030662	0.261316971155111	0.421645790126992	0.879156194528318	0.348697846751404	0.399277131859092
Lentisphaerae	0.0992107741475275	0.0238841660386775	0.0591533259738353	0.246305016745261	0.485860078811115	0.4565410864469	0.342812609749741	0.421645790126992	0.162412329063007	0.319362652596706	0.746041265013726
Cyanobacteria	0.13729362175392	0.390620904689839	0.16844741011065	0.0256334512606272	0.148356010387175	0.272556446534497	0.558962216291883	0.518664793292587	0.664055537972726	0.440554764904776	0.25104389465261
Euryarchaeota	0.156731636220045	0.7594141828492	0.0309665212733509	0.452255522642821	0.0752444052564622	0.62345106009022	0.262642507545345	0.521412512316028	0.845664113176591	0.210572344658786	0.809299356308207
Ignavibacteriae	0.168692283396362	0.0620929048621819	0.99696728476842	0.681757079088698	0.136604949761984	-0.000305053445492821	-0.0404565189106595	0.521412512316028	0.234573196146021	0.99696728476842	0.945088232715288
Nitrospirae	0.188684907191406	0.0479493954088576	0.982232814645021	0.777632131321772	0.127308481864068	0.00158690513836954	0.0249605906914827	0.534607237042317	0.232897063414451	0.99696728476842	0.945088232715288
Proteobacteria	0.204537551270813	0.0607753620492334	0.912576198199304	0.415682831354565	0.22169911194764	-0.0141168532373289	0.127891627914859	0.534944364862125	0.234573196146021	0.98387260738923	0.785178681447512
Candidatus Cloacimonetes	0.26372115640472	0.853298659395132	0.124544077081529	0.569495970134528	-0.0134452848723671	0.127453108700024	-0.0573276650203742	0.629762714551002	0.879156194528318	0.38495442007018	0.841863608024955
Fibrobacteres	0.283396128508501	0.182745451302318	0.121204842221346	0.856190964883502	-0.134587807489527	-0.175466800451084	0.0246881756775384	0.629762714551002	0.540159142643622	0.38495442007018	0.970349760201303
Firmicutes	0.296358924494589	0.120757859670041	0.191750794232972	0.149605642696484	-0.073481542171298	-0.069489912960502	-0.0949919535868552	0.629762714551002	0.410576722878139	0.465680500280075	0.607285617271897
Gemmatimonadetes	0.341231928110957	0.20653143689315	0.0978863721668478	0.327183238810111	-0.0874042500281968	-0.128394763675651	-0.0914187870267957	0.676138704326881	0.540159142643622	0.369792961519203	0.746041265013726
Thermodesulfobacteria	0.373591742745729	0.192673301346439	0.154316914885666	0.996805627956423	-0.108686178875584	-0.132522992955368	-0.000447302171016853	0.676138704326881	0.540159142643622	0.43723125884272	0.996805627956423
Coprothermobacterota	0.401967762352532	0.329094107715867	0.320271904715332	0.479899516334648	0.143267575268936	0.163945098105538	-0.142902542668993	0.676138704326881	0.653913360305681	0.640543809430663	0.815829177768902
Chlamydiae	0.408768073403011	0.432561974818293	0.236708009012451	0.130493938214288	-0.0859754176338691	-0.146663087134489	-0.232334623374798	0.676138704326881	0.700338435420094	0.503004519151459	0.607285617271897
Bacteroidetes	0.426797816924376	0.572181434754678	0.401586872688832	0.31181121339982	-0.0464563560488926	0.0775784287439023	0.115153677067499	0.676138704326881	0.740799922876919	0.697410792927678	0.746041265013726
Armatimonadetes	0.437501514564452	0.536476183261515	0.471777889333429	0.304393455399644	-0.064659484947907	0.0854903688964705	0.151736027919687	0.676138704326881	0.72960760923566	0.697410792927678	0.746041265013726
Actinobacteria	0.512339075324217	0.35470856785419	0.438246816044185	0.160752075160208	-0.152939804382047	-0.142295661802744	-0.31610283663956	0.734951489883338	0.653913360305681	0.697410792927678	0.607285617271897
Aquificae	0.518789286976474	0.455788815144341	0.777509128451025	0.333947210152048	-0.0450506885531341	-0.0189336854027346	0.0792190504140704	0.734951489883338	0.704400896132164	0.944118227404816	0.746041265013726
candidate division Zixibacteria	0.687715900101137	0.697955714962525	0.232109224804163	0.724309474746862	-0.022808945834697	-0.0799100081196267	-0.0288788062723485	0.847588623374957	0.818292907197443	0.503004519151459	0.945088232715288
Thermotogae	0.691184297075125	0.610070524722168	0.443943536846932	0.796189823778815	0.03881795940423	-0.0658490027564355	-0.0273258277844186	0.847588623374957	0.740799922876919	0.697410792927678	0.945088232715288
Planctomycetes	0.692533035174781	0.326089403092677	0.451888118287264	0.351078242359401	0.0817457441551208	0.0712641440264535	0.109920843653348	0.847588623374957	0.653913360305681	0.697410792927678	0.746041265013726
Acidobacteria	0.722246456363452	0.365422171935528	0.551907661463565	0.806104669080687	0.118862745193493	0.0887975236025337	-0.0454016568910455	0.847588623374957	0.653913360305681	0.750594419590448	0.945088232715288
Calditrichaeota	0.732854054759536	0.594197011434016	0.340665236508627	0.397036567428816	-0.0538712269459253	-0.10764277738979	-0.11628140914867	0.847588623374957	0.740799922876919	0.643478780071852	0.785178681447512
Chloroflexi	0.747872314742609	0.35422038453402	0.884776201108287	0.904351400654472	-0.0790259913955511	0.0139842791173746	-0.0143847894169813	0.847588623374957	0.653913360305681	0.98387260738923	0.97141420624648
Tenericutes	0.779609015916021	0.338178900779304	0.529075689728977	0.914272194114334	0.147587858935086	0.107556070631875	0.0223293716196846	0.852543762825977	0.653913360305681	0.749523893782717	0.97141420624648
Kiritimatiellaeota	0.811688645713593	0.506698557866632	0.712385531288334	0.97032654686704	0.0505533522414871	-0.0313980166948325	-0.00388553129720355	0.852543762825977	0.717822956977729	0.897078076437161	0.996805627956423
Spirochaetes	0.827468946272271	0.500233317178356	0.861015332675487	0.788258388430417	-0.0845380409908045	0.0247737604142734	0.0470253836286981	0.852543762825977	0.717822956977729	0.98387260738923	0.945088232715288
Deferribacteres	0.943616197492151	0.936705517759794	0.92599774813104	0.55051993994765	-0.00664571657028536	-0.00864912702175667	-0.0677995688698894	0.943616197492151	0.936705517759794	0.98387260738923	0.841863608024955
