bugName	pval	p1M	p6M	s1M	s6M	Adjustedpval	Adjustedp1M	Adjustedp6M
Unclassified Streptococcus Genus	5.87434101362305e-10	4.16506541531217e-10	5.65758741456855e-07	1.05898767831742	0.981218191444969	1.81517137320952e-07	1.28700521333146e-07	0.000174819451110168
Salmonella enterica	1.46918714971633e-08	2.35109029042698e-08	1.2788194778163e-06	1.13692724116082	1.2108335680089	2.26989414631174e-06	1.81621724935484e-06	0.000197577609322618
Unclassified Micrococcales Order	3.74076742915008e-08	1.72805707407644e-08	3.3053629207346e-05	0.891269325482568	0.755449750059585	3.85299045202459e-06	1.79313220738691e-06	0.00255339285626747
Unclassified Enterobacteriaceae Family	5.14777480642437e-08	1.74090505571545e-08	0.000113875778300069	1.76673079348126	1.35635264893829	3.97665603796282e-06	1.79313220738691e-06	0.00703752309894427
Actinomyces pacaensis	5.4298746599013e-07	1.28748611684083e-07	0.00169965282572878	0.855993711067092	0.569664866116554	3.355662539819e-05	7.95666420207633e-06	0.043766060262516
Streptococcus parauberis	6.90832549277154e-07	2.45336148926161e-07	0.000494559932493934	0.556249616303533	0.4263430597784	3.55778762877734e-05	1.26348116696973e-05	0.0204394513118403
Clostridium perfringens	1.33586731432267e-06	3.32722788130687e-06	1.5273926043676e-05	1.15203767723362	1.39005505405849	5.89690000179578e-05	9.34648559385293e-05	0.00157321438249863
Atopobium parvulum	1.69522088855345e-06	3.41688086508995e-07	0.0101107195081364	0.743170790847934	0.409536250675974	6.5477906820377e-05	1.50830883901828e-05	0.120162012615929
Unclassified Acholeplasmataceae Family	2.70863700968516e-06	5.39259816049119e-07	0.100989531739097	0.78215813349813	0.277194985357065	9.29965373325237e-05	2.08289103948972e-05	0.4464246251171
Unclassified Veillonella Genus	5.53147920523411e-06	2.58740251326609e-06	0.000749943790110502	1.0091929242107	0.853046193348086	0.000170922707441734	7.99507376599222e-05	0.0231732631144145
Fusobacterium nucleatum	6.82399920037824e-06	1.3080287078239e-06	0.0565232833873938	0.918411277693171	0.393802683538596	0.000191692341174261	4.49089856352872e-05	0.342464599347151
Rothia dentocariosa	1.34074017672514e-05	9.44064887526426e-06	0.000529176732992628	0.531659042065236	0.50529104198067	0.000345240595506724	0.000182322531403541	0.0204394513118403
Enterobacter hormaechei	1.71134640267745e-05	5.68950781731525e-06	0.00308592275080822	0.770405518583585	0.59552131314657	0.000406773875713332	0.000133052896146044	0.0630276745480115
Unclassified Bacillus Genus	1.84696637062221e-05	6.02828655677867e-06	0.00398892678823325	0.455524481210409	0.331397254375691	0.000407651863230187	0.000133052896146044	0.0674966740458104
Unclassified Bacilli Class	2.0383988795003e-05	4.36500697528756e-06	0.0240590808753054	0.606296063966429	0.334388464576189	0.000419910169177062	0.000112398929613655	0.218654587954981
Streptococcus pyogenes	3.55858660572306e-05	1.45700420850684e-05	0.00302105545932893	0.560751359064824	0.447987574617115	0.000629052753898648	0.000236954894962429	0.0630276745480115
Unclassified Gemella Genus	3.59352877471464e-05	7.61879237602109e-06	0.18872824703086	0.788509044434269	0.257326253203769	0.000629052753898648	0.000156947122946034	0.539972484560515
Schaalia odontolytica	3.66438497416688e-05	1.15687429115725e-05	0.0049841486518334	0.729117509306198	0.560074360850138	0.000629052753898648	0.000198596753315328	0.0733381873055485
Veillonella parvula	3.94370769891683e-05	1.12463871495371e-05	0.00812548532066599	0.931856394624367	0.659669755737956	0.000641371409981737	0.000198596753315328	0.105029651347053
Unclassified Fusobacterium Genus	8.0786896613616e-05	1.6690051237063e-05	0.129540461862623	0.661992003089966	0.262872582207988	0.00124815755268037	0.000257861291612624	0.474443478304327
Streptococcus thermophilus	0.000168945115958108	0.000277701845860633	0.000718914038244514	0.42944862023384	0.507987908264317	0.00248590670624073	0.00295896104727364	0.0231732631144145
Slackia heliotrinireducens	0.000219045215670954	5.44971989912547e-05	0.41550395114397	0.331218475028685	0.0743220310179712	0.00307658962010568	0.000801887356585604	0.755239534726393
Faecalibacterium prausnitzii	0.000328213844243086	0.000123751349103549	0.00994596867781347	-0.591337514078115	-0.490198910714052	0.00423272476897093	0.00166257247273898	0.120162012615929
Streptococcus agalactiae	0.000340697995451333	0.000215870044225963	0.00415028092838317	0.361417246579171	0.341561511487189	0.00423272476897093	0.00256553244868549	0.0674966740458104
Streptococcus respiraculi	0.000342453460272729	0.000551867319970044	0.00113419274186767	0.405531280087825	0.488367339216548	0.00423272476897093	0.00532896880846074	0.0318605052033737
Unclassified Bacillales Order	0.000529498217009428	0.000120057862174113	0.251526602817866	0.599153734200095	0.205990765936162	0.00629288265599666	0.00166257247273898	0.619047133372972
Pseudomonas aeruginosa	0.0006449531980528	0.000184582531311453	0.0308471476795427	0.262227501626896	0.184572781916973	0.00717568109258314	0.00228144008700956	0.257615368458884
Trueperella bialowiezensis	0.000650223529425009	0.000170685815376257	0.0445748142269153	0.374146648416189	0.240273893453652	0.00717568109258314	0.00219757987296932	0.298712608217809
Unclassified Enterobacterales Order	0.000841197629418144	0.000244502300116391	0.0376752857438304	0.296067490493907	0.197962708050114	0.00896310577552437	0.00279819299022092	0.277182459401038
Anaerostipes hadrus	0.00109504268757299	0.000267185566589658	0.0811266052423139	-0.806102930852268	-0.466209340106963	0.0112789396820018	0.00294858357415016	0.425056700497245
Unclassified Ruminococcaceae Family	0.00133565336768826	0.00034431602399638	0.0661084700488456	-0.839737636446454	-0.526938601507735	0.0129600515028487	0.00348120628847491	0.376778742388355
[Clostridium] hiranonis	0.00134214125595844	0.740204117512172	0.000452831335062872	0.0591441347230512	0.930304219956393	0.0129600515028487	0.869876946758952	0.0204394513118403
Unclassified Corynebacteriaceae Family	0.00148303069090061	0.000349247232824344	0.242026159295818	0.275531688061061	0.108796008034149	0.0138865601057057	0.00348120628847491	0.613000682150885
Faecalitalea cylindroides	0.00164733602242451	0.0253381172070864	0.0355485752107036	-0.447016536706156	0.562842311458198	0.0149713773802698	0.104393042893196	0.274612743502686
Unclassified Clostridiales Order	0.00176809772824527	0.000605682667249556	0.0318952323144246	-0.280868573519306	-0.216474534799122	0.0156097770865082	0.0056713922478822	0.2593585996094
Streptococcus marmotae	0.002202587415713	0.00176178984856655	0.00815764282307207	0.237901319249887	0.251736731332752	0.0189055419848699	0.0147133260326234	0.105029651347053
Phoenicibacter congonensis	0.00292542368508852	0.285779661287168	0.00545536781147531	-0.183153049968264	0.681771250430272	0.0244312410457393	0.531963345408042	0.0766231206248123
Parvimonas micra	0.00358705826703654	0.000908142242430768	0.354472304691888	0.449476577499008	0.15229889898755	0.0288425003779261	0.00825341037973845	0.712333124921784
Lactobacillus rhamnosus	0.00364031558167999	0.00125528830255592	0.045145525588867	0.476437905442344	0.367446719861485	0.0288425003779261	0.0107745579302716	0.298712608217809
Unclassified Firmicutes Phylum	0.00385683823501293	0.00094535525606829	0.207037197108254	-0.398415594149199	-0.187325189561398	0.0297940753654749	0.00834613640357433	0.566145963773897
Unclassified Actinomyces Genus	0.00412279385313497	0.00202930824263202	0.0213694827655762	0.34297540149038	0.32865471893577	0.0310717878199684	0.0156764061743323	0.207116354796985
Streptococcus iniae	0.00438213605307669	0.00194206438455212	0.0303351611306181	0.15032577178857	0.128926365217509	0.0322400009619214	0.0153871255083745	0.257615368458884
Rothia mucilaginosa	0.00586880727355776	0.00400222321952444	0.0152483327017447	0.224301099703461	0.248003261150182	0.0421735220355663	0.0274819327740678	0.168276243029968
Bifidobacterium bifidum	0.00626533955970687	0.00216658469874799	0.0531919387323963	-0.574334946059227	-0.461568698070878	0.0439997709988505	0.0160575616295242	0.328726181366209
endosymbiont of Euscepes postfasciatus	0.00671854970567831	0.00192639894792436	0.57355536061463	0.099906484895637	0.0216101656148528	0.0456046584058306	0.0153871255083745	0.877369338761984
Blautia sp. SC05B48	0.00678904299892624	0.00218258119236251	0.665708558618677	-0.574269580148383	-0.100108500173107	0.0456046584058306	0.0160575616295242	0.902210283391102
Unclassified Verrucomicrobiales Order	0.00728794591044868	0.0760815940698264	0.00238325927852735	0.142909562894512	0.337788966895759	0.0479143677942264	0.235092125675764	0.0566482397742269
Klebsiella pneumoniae	0.00840479936480931	0.00234979104648464	0.136052625680515	0.123843589915536	0.0753543200042504	0.0541058959109599	0.0168857077526454	0.474443478304327
Prevotella intermedia	0.00895783226589142	0.0326808065717888	0.134134450872537	0.145284034694337	-0.133942138708054	0.0564891871461316	0.131147652346529	0.474443478304327
Haemophilus parainfluenzae	0.00934759071794788	0.00243513034099188	0.300400040089397	0.436904365355088	0.182695390323758	0.0577681106369179	0.0171012562583293	0.66302580276874
Turicibacter sp. H121	0.0100983412504172	0.00477698015237862	0.0402471771650945	-0.517457356561826	-0.477069630178563	0.0611840675760571	0.0320888449366303	0.289218087070097
Romboutsia sp. CE17	0.0108707029522843	0.00792241070940805	0.0217692888259206	-0.583915888047801	-0.65380220394871	0.0634944347374149	0.0470774021001363	0.207116354796985
Unclassified Sporosarcina Genus	0.0108906312009158	0.00768879516323087	0.0209615095744205	0.274696990005615	0.313768322329805	0.0634944347374149	0.0465850530478106	0.207116354796985
Streptococcus mutans	0.0114631799665752	0.0555130519430495	0.00460934516580058	0.258965342022335	0.530810837822484	0.0655948631420692	0.18461698463378	0.071214382811619
Akkermansia muciniphila	0.0118779804958802	0.181229542564862	0.0032635689086349	0.360496561316734	1.12670709382919	0.0667326540586723	0.405796584438712	0.0630276745480115
Intestinibaculum porci	0.0129569884475526	0.207123131892618	0.0330897649358028	-0.115471466136703	0.270386756854506	0.0714948112552453	0.444265368839804	0.262172752952899
Lactobacillus fermentum	0.0140517508236402	0.508419291879743	0.00397438033391395	0.0406051955273247	0.244135242695078	0.0754190260307691	0.727322042550188	0.0674966740458104
Anaerobutyricum hallii	0.0145117270193488	0.00493790666806534	0.73690806748476	-0.683192734780418	-0.102062018436806	0.0754190260307691	0.0324641097964296	0.914171098410438
Enterococcus hirae	0.0146239065536196	0.00916976079324078	0.662267953150868	0.0807369127098769	-0.0165319440312933	0.0754190260307691	0.0524714089835445	0.902210283391102
Unclassified Erysipelotrichaceae Family	0.0146444710739357	0.0136150483038722	0.0197724086153127	-0.468989763365345	-0.575551705192438	0.0754190260307691	0.0701174987649421	0.207116354796985
Aeromonas veronii	0.0159389531443289	0.00565064817774716	0.0940733693060873	0.166847130806609	0.125991393492483	0.0807399429770104	0.0363760476442474	0.4464246251171
Candidatus Sodalis pierantonius	0.0205618932087499	0.00675795039870807	0.134302622738394	0.287462092383798	0.196626786126996	0.102477822604899	0.0417641334640159	0.474443478304327
Unclassified Butyrivibrio Genus	0.0217805823279611	0.0109980831536459	0.855628152665467	0.418691581936286	-0.0377446388702611	0.106828570465714	0.0606858516870817	0.940270532280055
Candidatus Saccharimonas aalborgensis	0.0222639478700081	0.00671892507507589	0.567058533841068	0.156967634258124	0.0413605469950204	0.107493123309883	0.0417641334640159	0.877369338761984
Enterococcus faecium	0.0240547848353223	0.0139458384991695	0.0451347691660648	0.333620947088374	0.355753929480452	0.114352746370994	0.0706436737089078	0.298712608217809
Bernardetia litoralis	0.0260840010826574	0.0121048656447414	0.944341248641474	-0.077169588969991	0.00272331613198384	0.122120550523351	0.065621113758335	0.981495577988884
Streptococcus troglodytae	0.0275059676237788	0.00913360135807945	0.154326375297864	0.200955423104747	0.136402771394598	0.126855880533547	0.0524714089835445	0.481685353202425
Lactobacillus amylolyticus	0.0291623345124591	0.0175991205838209	0.68347894456968	0.19382262504336	-0.0409491974717888	0.132517078887498	0.0836635116984715	0.906964777380528
Ruminococcus sp. JE7A12	0.0307927908894721	0.0409806053831279	0.341904433183267	-0.275768328875446	0.166956611486635	0.136064889775894	0.1489765536869	0.709050133245836
Kosakonia cowanii	0.0312900317659432	0.0131239469026108	0.0965479443055211	0.0834916280658199	0.0696394840385572	0.136064889775894	0.0687338914051991	0.4464246251171
Ruthenibacterium lactatiformans	0.0316431422063834	0.016527139756373	0.0607765489921422	-0.345664116365916	-0.354525419397184	0.136064889775894	0.0810616854717342	0.354338747897584
Candidatus Azobacteroides pseudotrichonymphae	0.0317044403361306	0.0232234729105404	0.59835005141159	0.158503272227241	-0.0470375715884865	0.136064889775894	0.0996739311145132	0.881294402028209
Blautia producta	0.0340898515699252	0.0338969826497979	0.0286187358729926	-0.291954791803298	-0.40586113420551	0.14429813883708	0.134284200497276	0.252662553850135
Streptococcus periodonticum	0.0346603609578978	0.0109654684185046	0.64064590751962	0.101182418764794	0.0225979449984659	0.144730426162033	0.0606858516870817	0.902210283391102
Unclassified Actinobacteria Phylum	0.0377517479572158	0.0694631619868245	0.24732575259071	-0.216411237548073	0.18163484655368	0.155537201583729	0.221279557256998	0.616319818955881
Escherichia coli	0.0393094379305299	0.0192384065422084	0.0825352816499505	0.761118653513074	0.717972566439093	0.158622195068317	0.0879268586787751	0.425056700497245
Cryptobacterium curtum	0.0395272136578008	0.125379096377929	0.0148364847859392	0.075202431533234	0.165651111494241	0.158622195068317	0.32018298165934	0.168276243029968
Porphyromonas asaccharolytica	0.0402991799317733	0.0218115936454203	0.764469430181271	0.221565786629191	-0.0357854201943418	0.158628482308214	0.0976780063251433	0.916010488598137
Hungatella hathewayi	0.0407179374886404	0.0129805383373261	0.601790028569424	0.38855917056272	0.103378857427168	0.158628482308214	0.0687338914051991	0.881294402028209
Unclassified Desulfosporosinus Genus	0.0410688627335183	0.0168080613524718	0.110039632377253	-0.0936314326829709	-0.0811289727146492	0.158628482308214	0.0811514212174029	0.45948981627799
Lachnoclostridium phocaeense	0.0477010815833153	0.102409707532193	0.0221192223569596	-0.238104871607509	-0.438081805118029	0.181970792706721	0.28690471895789	0.207116354796985
[Clostridium] hylemonae	0.0509368603394158	0.0160683783651245	0.53119432005925	0.391088300265039	0.130159358396703	0.191944998108286	0.0800827244326368	0.850775064816056
[Eubacterium] sulci	0.0566792206381349	0.0193495999681447	0.205455999136637	0.407720651048481	0.286261130942719	0.20841157053946	0.0879268586787751	0.566145963773897
Lactobacillus mucosae	0.0571117588395934	0.0236865461458957	0.987891568034128	0.133173742872797	0.0010956968510724	0.20841157053946	0.100262229576462	0.99219728926088
Paeniclostridium sordellii	0.0573300436759032	0.0192057478188123	0.674873299465224	0.398544790670027	0.0896278076122052	0.20841157053946	0.0879268586787751	0.906964777380528
Unclassified Dialister Genus	0.0620431429132315	0.0541106303436458	0.051681308093988	0.225380008818392	0.30030492815775	0.22292245535103	0.18461698463378	0.328726181366209
Unclassified Bacteroides Genus	0.0649438815731698	0.0225732062491946	0.718145213558949	0.351435699304405	0.0704351590803568	0.230662751794362	0.0996445818714447	0.908274495358223
Bifidobacterium longum	0.0713830875508783	0.0232249936577506	0.564232206251197	-0.284420217635842	-0.0911768863738422	0.250651977877516	0.0996739311145132	0.877369338761984
Peptoniphilus harei	0.0725074581880931	0.0555063721144221	0.0670641774477654	-0.247564938259871	-0.304448652452842	0.251739377304728	0.18461698463378	0.376778742388355
Acinetobacter haemolyticus	0.077010052451036	0.0247648998267541	0.469203408377745	0.199584567050106	0.0803839579703665	0.26440118008189	0.103410189817122	0.803492044874353
Acidothermus cellulolyticus	0.080208135069737	0.154190883508421	0.232437734853401	0.0782517715304239	-0.0874206912308335	0.27235509600603	0.359604441839119	0.607629494918482
Adlercreutzia equolifaciens	0.0844948237068264	0.345130795820809	0.109708149361814	-0.184265603055313	0.425133397376049	0.283792397015319	0.595784446416926	0.45948981627799
Unclassified Clostridium Genus	0.0855170834019328	0.0346593719822655	0.188086021828974	-0.44625267968822	-0.35133505419189	0.284137406141906	0.135566404335697	0.539972484560515
Unclassified Schaalia Genus	0.092235819840687	0.030420063706059	0.440060328824469	0.217106385407906	0.0983345366122493	0.303200726923109	0.123681574804898	0.7860037087096
Candidatus Izimaplasma sp. HR1	0.0976436958640281	0.0399654606075362	0.914381419727804	-0.437092959913518	-0.0292792084319783	0.31759896865247	0.14701580152058	0.961033532979222
Butyricimonas faecalis	0.104252618250669	0.0378643410559845	0.714772411232064	0.278256615132793	0.0631447613353968	0.333741105333495	0.145749420862879	0.908274495358223
Erysipelothrix rhusiopathiae	0.105826595816706	0.0383452682762354	0.291421691520877	-0.119008493535081	-0.0771935599830536	0.333741105333495	0.145749420862879	0.658127023758849
[Ruminococcus] gnavus	0.106876504765916	0.615429167401523	0.0369891959283416	-0.0814789604955548	-0.464781007379175	0.333741105333495	0.793075842405691	0.277182459401038
Unclassified Pelagibacteraceae Family	0.106926761902965	0.550644017485522	0.0859767538806665	-0.0528605560368808	0.208461377319103	0.333741105333495	0.741006237571293	0.43434993997378
[Clostridium] scindens	0.112959938492208	0.0386778398406346	0.393577418137075	0.347241210142467	0.18629938564082	0.347604662956771	0.145749420862879	0.739440518991406
Lachnospiraceae bacterium KM106-2	0.113618352616938	0.0394673519264775	0.345114639154869	-0.294092592568713	-0.176360806060121	0.347604662956771	0.146932671629898	0.710936156659031
Finegoldia magna	0.117314284405075	0.102025830787983	0.0821252692164661	-0.160050782287945	-0.219069803486575	0.355220570952106	0.28690471895789	0.425056700497245
Flintibacter sp. KGMB00164	0.118406856984035	0.0528664397496014	0.174046662706165	-0.233225052079246	-0.216933505600799	0.355220570952106	0.183547526771088	0.520507156241956
Desulfovibrio fairfieldensis	0.12213983164113	0.154781199885446	0.0606698636792151	0.216744362539547	0.387119290375369	0.36104044298782	0.359604441839119	0.354338747897584
Unclassified Mogibacterium Genus	0.122683645675473	0.0495932910393768	0.237987357710789	0.308589567414387	0.238828087186906	0.36104044298782	0.174140078763266	0.608108981332121
Unclassified Thermodesulfobium Genus	0.124335278364472	0.0437586828996104	0.356468009424907	-0.253615468412189	-0.1519283270094	0.3622951220507	0.157225965302088	0.712333124921784
Bacteroides vulgatus	0.125454945176132	0.0657764942774171	0.146498134048901	0.433054998915009	0.450505812873542	0.3622951220507	0.213946702439178	0.477112346262457
Paraprevotella xylaniphila	0.127296481335326	0.349554542463172	0.0454352510881457	-0.12903275015835	-0.380526341929499	0.36420937715385	0.600068631228446	0.298712608217809
Hungateiclostridium clariflavum	0.131109304862083	0.0938418378789386	0.587121200121859	0.0631191606528093	-0.0256780650591432	0.371676836719117	0.278461268550063	0.880681800182788
Stella humosa	0.135258569516135	0.465897234049667	0.121410362978239	-0.0434686524177595	0.120467898461733	0.379953618004415	0.688814570915536	0.474443478304327
Desulfallas gibsoniae	0.136762732433976	0.0751194132965677	0.152559920042638	-0.0758898414670283	-0.0775111120882348	0.380257660166265	0.23446362331959	0.481030768297706
Collinsella aerofaciens	0.13782801921884	0.0491238199618612	0.585143435773597	-0.482507723844199	-0.174137770724913	0.380257660166265	0.174140078763266	0.880681800182788
Methanobrevibacter smithii	0.139939508253888	0.243374489009822	0.262318372298893	-0.197636996559795	0.255409059343903	0.382666442924348	0.48206869938484	0.624480143731724
Unclassified Bacteroidia Class	0.143672103920405	0.0770168935388458	0.824989891686484	0.111001539630952	-0.0179534989811006	0.383388685231883	0.235625941618845	0.932589066760223
Lachnospiraceae bacterium	0.144542027390915	0.373731891258457	0.052340465239182	-0.143030730649316	-0.430432673330761	0.383388685231883	0.624302308784744	0.328726181366209
Gordonibacter urolithinfaciens	0.144549750107189	0.355495845416722	0.174441800039355	-0.165453157243907	0.324057859539055	0.383388685231883	0.603561627658061	0.520507156241956
Unclassified Muribaculum Genus	0.146097241804012	0.479822425121805	0.12779198232238	0.0306685239321872	-0.0862006900185356	0.383388685231883	0.702678338211553	0.474443478304327
Unclassified Chloroflexi Phylum	0.146407329635476	0.107762884726133	0.112901772461239	-0.104479730208261	-0.13207934136591	0.383388685231883	0.294679038764381	0.465155302540305
Bifidobacterium asteroides	0.148453529148473	0.119838877347982	0.102576531984835	0.188721455417778	0.26070027523058	0.385480172326707	0.313815365258698	0.4464246251171
Roseimicrobium sp. ORNL1	0.151061660389071	0.165042643653529	0.0795153446089693	0.0477728956550979	0.0814220582731735	0.388983775501859	0.37498659477162	0.425056700497245
Solitalea canadensis	0.154369523123618	0.913814385194271	0.074593924190745	-0.00320449287713958	0.0709992058411193	0.392485331940061	0.950736178535454	0.411598617409646
Desulfofarcimen acetoxidans	0.154961846267597	0.0555643351810406	0.531390250839802	-0.133262649893097	-0.0561636554021658	0.392485331940061	0.18461698463378	0.850775064816056
Unclassified Citrobacter Genus	0.159361621187036	0.0620227511735255	0.798016796205716	0.211872748268367	0.0361803079076014	0.400347487372309	0.203883299070419	0.918824639766314
Arcanobacterium haemolyticum	0.165721709074945	0.666407155022091	0.10697465951777	-0.0156366957319823	0.0775971580846446	0.412967807291596	0.827953902106685	0.45909958043043
Desulfomonile tiedjei	0.167978795330497	0.383626267307479	0.197179130448758	-0.0916303670002029	0.183599136514209	0.415243582056989	0.624302308784744	0.553894102806055
Unclassified Absiella Genus	0.172950334428658	0.07916097432543	0.22616558042191	-0.173747960317102	-0.158343419416468	0.424140105860756	0.239811186927038	0.597309097011711
Unclassified Actinomycetaceae Family	0.18144889525661	0.0669978412481866	0.526550641267171	0.162478214211762	0.0708045972235023	0.439643676305993	0.215649301517601	0.850775064816056
Unclassified Bifidobacterium Genus	0.183489723351952	0.0724219531352392	0.764840138903625	-0.478472823108776	-0.1033062813382	0.439643676305993	0.22835085223254	0.916010488598137
Heliorestis convoluta	0.183540563894735	0.123426012056914	0.691035925437145	-0.107386669559896	0.0366343539130024	0.439643676305993	0.317821981046553	0.906964777380528
Alistipes onderdonkii	0.196782888103506	0.134581080689393	0.144038120156054	0.282874354474543	0.369715658849054	0.464985787311523	0.3353673704276	0.477112346262457
Glutamicibacter halophytocola	0.199030736150475	0.293628410752814	0.0871511206419882	-0.040936205784795	-0.0869663025453707	0.464985787311523	0.540140771620757	0.43434993997378
Sinimarinibacterium sp. NLF-5-8	0.199909190678672	0.0946227611577885	0.25242698642393	0.0546280122689157	0.0473768656835652	0.464985787311523	0.278461268550063	0.619047133372972
Unclassified Alphaproteobacteria Class	0.200322307153039	0.13049816226341	0.689643679618763	-0.0903008035639207	0.0312288782617638	0.464985787311523	0.330524033929456	0.906964777380528
Anaerotignum propionicum	0.201644322005644	0.13847587521389	0.659724278153235	0.292860412798926	-0.114576729960249	0.464985787311523	0.336569801178883	0.902210283391102
Dialister pneumosintes	0.205873808173646	0.743195838007649	0.127612663276448	0.0684626300405988	-0.436303497949951	0.4712222720419	0.869876946758952	0.474443478304327
Lachnospiraceae bacterium Choco86	0.209589815838862	0.9449473610644	0.101514777605869	0.0068548608027566	-0.219134877179229	0.47620039039859	0.967365287219442	0.4464246251171
Caproiciproducens sp. NJN-50	0.212982361075987	0.14557253155152	0.661496043466506	-0.0961749913743231	0.0380355747918643	0.480376274251679	0.34601470961092	0.902210283391102
Anaerostipes rhamnosivorans	0.218213309222506	0.770239940161948	0.127581980596327	-0.0446012521917655	0.314301441789631	0.488608061954742	0.878735622255859	0.474443478304327
Pectobacterium parmentieri	0.222904244633215	0.103991354444284	0.985636594280326	0.0623467930113027	-0.000865620227353111	0.493023118883499	0.28690471895789	0.99219728926088
Clostridium butyricum	0.223376170367928	0.208474040394083	0.12145597302487	0.150973385470227	0.251170784547049	0.493023118883499	0.444265368839804	0.474443478304327
Pseudothermotoga thermarum	0.227283636218269	0.863565285557348	0.120219816126825	-0.00992487196873317	0.121169200464679	0.498089670861313	0.923327589056126	0.474443478304327
Ignavibacterium album	0.229554011603269	0.10396710742084	0.305552849259825	-0.0731762193672748	-0.0589377358622214	0.498733071838884	0.28690471895789	0.664900214234409
Caloramator sp. E03	0.230805272728027	0.0901475713273803	0.473254214133114	-0.233171373728943	-0.130206898746765	0.498733071838884	0.270442713982141	0.803492044874353
Clostridium taeniosporum	0.235530955625558	0.835265030012636	0.0986251330627013	-0.0185242608325444	-0.19472419989682	0.504823457805419	0.908791881246143	0.4464246251171
Unclassified Candidatus Saccharibacteria Phylum	0.238440707172186	0.137099737724144	0.775296953542335	0.136556825386276	-0.0330253767074275	0.504823457805419	0.336569801178883	0.916010488598137
Unclassified Heliobacteriaceae Family	0.240071075530793	0.100148517227924	0.392576862047519	-0.0521040554643943	-0.0344436670367555	0.504823457805419	0.28690471895789	0.739440518991406
Unclassified Paenibacillaceae Family	0.240671359134535	0.775816740685801	0.0983054727826325	0.0124518479377768	0.0949611646445243	0.504823457805419	0.878735622255859	0.4464246251171
Lachnospiraceae bacterium KGMB03038	0.241792465227191	0.697130881704132	0.0963894434879524	-0.0619164047808004	-0.352437524183988	0.504823457805419	0.84204864533587	0.4464246251171
Unclassified Lachnospiraceae Family	0.243512942865513	0.226041153154453	0.13452881370227	-0.15059774406353	-0.24697779960658	0.505003351311701	0.464591302028627	0.474443478304327
Unclassified Listeria Genus	0.246014143124299	0.832343049704171	0.133395220809726	-0.00902244215786962	0.0837026987806745	0.505225748616584	0.908791881246143	0.474443478304327
Megamonas funiformis	0.246890252560208	0.0974146608459044	0.510298125743132	-0.201202580987462	-0.105587595014422	0.505225748616584	0.283972926428155	0.847753337928107
Alistipes sp. dk3624	0.249537631010724	0.597104696915383	0.0987806133898449	0.060575157712416	0.259945662222829	0.506225483280245	0.775564744495339	0.4464246251171
Actinomyces hongkongensis	0.25065533638148	0.100877776124223	0.68311128059035	0.111889665536224	0.036449461380705	0.506225483280245	0.28690471895789	0.906964777380528
Blautia sp. N6H1-15	0.253455024639109	0.223027291367056	0.146685025549946	-0.206574784947846	-0.317507928541995	0.50713646902105	0.464591302028627	0.477112346262457
Unclassified Peptostreptococcaceae Family	0.254388843683698	0.23846666327079	0.138735693945308	0.124255859438831	0.206995324658422	0.50713646902105	0.478986755210501	0.474443478304327
Unclassified Candidatus Blochmannia Genus	0.257158535816806	0.119492924100758	0.984820472503518	0.0916315789041769	0.00140673750025132	0.509371715175596	0.313815365258698	0.99219728926088
Faecalibaculum rodentium	0.261365284165438	0.137557488348806	0.869369620299428	-0.116157231762949	0.0161965562962121	0.513570714190816	0.336569801178883	0.940270532280055
Unclassified Methanobrevibacter Genus	0.262602501107278	0.454288130707776	0.26272627406189	-0.0508069679007372	0.102383404441244	0.513570714190816	0.678398946097468	0.624480143731724
Ferrimonas sp. S7	0.264486214531729	0.140509722822252	0.260018512768232	0.0428641022338022	0.0417049625903627	0.514001511259776	0.336569801178883	0.624480143731724
Desulfococcus oleovorans	0.267498389410665	0.250907346219511	0.465188992562308	0.0388245249330515	-0.0314763706617828	0.515306463240652	0.493181809076848	0.803492044874353
Unclassified Pontibacter Genus	0.269536047487031	0.173908050960135	0.728723615995337	0.151371379521115	-0.0511258818715437	0.515306463240652	0.392245166034174	0.908274495358223
Lachnoanaerobaculum umeaense	0.270160670048497	0.112361078504931	0.751454559858418	0.278805143885381	0.0722705257236613	0.515306463240652	0.301909332678468	0.914171098410438
Unclassified Rhodothermaceae Family	0.272264807915774	0.109862258062714	0.571820128944266	-0.122967863082518	-0.0551011119121999	0.516133899668552	0.297784541591041	0.877369338761984
Unclassified Desulfovibrionaceae Family	0.274755460867716	0.293668769036528	0.136941480601166	0.0717184472587782	0.134548861596541	0.517679496391001	0.540140771620757	0.474443478304327
Geoalkalibacter subterraneus	0.282683543888786	0.205126833704349	0.183888002641527	-0.139841429124684	-0.196005453041283	0.527395133165115	0.444265368839804	0.53605087562483
Unclassified Haemophilus Genus	0.283325540794204	0.153934376389267	0.873239466588465	0.109365458583937	-0.0160651962337195	0.527395133165115	0.359604441839119	0.940270532280055
Unclassified Phascolarctobacterium Genus	0.287824888150092	0.960527201394571	0.134592031802816	0.0152849252513067	0.619064066744133	0.529796026401778	0.97632534615435	0.474443478304327
Unclassified Eggerthellaceae Family	0.288260007143024	0.118156243673378	0.621895880678983	-0.251899390935733	-0.104736790189004	0.529796026401778	0.313815365258698	0.902210283391102
Lachnospiraceae bacterium GAM79	0.290215924217312	0.121794287729875	0.482827587789363	0.349944044403377	0.202945384155275	0.529796026401778	0.316255755533877	0.815266254791875
Unclassified Dysgonomonas Genus	0.294279783079583	0.224973710034657	0.586808606019813	0.0808774741642356	-0.0467980923151746	0.529796026401778	0.464591302028627	0.880681800182788
Tolumonas auensis	0.294840670207645	0.273618948024765	0.158325518119422	0.0735048461102518	0.126415311932934	0.529796026401778	0.515538139875929	0.489225850989014
Unclassified Cyanobacteria Phylum	0.294902642527851	0.454461429909954	0.291619271181796	-0.0730371728507903	0.136787401076877	0.529796026401778	0.678398946097468	0.658127023758849
Unclassified Anaerococcus Genus	0.299979063875074	0.140132196823679	0.954863076322821	-0.0538591923909414	-0.00263226308947164	0.535800755707502	0.336569801178883	0.983845661388625
Gordonibacter pamelaeae	0.303525833659765	0.975759538492818	0.152323169642993	-0.00481697115174578	0.309334300626486	0.539020014947514	0.983833630215798	0.481030768297706
Selenomonas ruminantium	0.313672515656352	0.194490927443656	0.74505851373723	-0.105644922623672	0.0342035104140424	0.551294940863753	0.429269261286356	0.914171098410438
Unclassified Bacteroidetes Phylum	0.314006179909452	0.53199511144568	0.27331637555813	0.0807851569878515	-0.190767400785546	0.551294940863753	0.737068405076792	0.639808788238349
Unclassified Mollicutes Class	0.316138403264655	0.13249835116406	0.600021733440019	-0.0754442683853166	-0.033288436717356	0.551902636207788	0.332861711460932	0.881294402028209
Alistipes finegoldii	0.326363013839795	0.729962062049676	0.140257305678802	0.0718202113064052	0.415425694020021	0.566551524025261	0.867531835282114	0.474443478304327
Unclassified Roseburia Genus	0.329122233803403	0.525693665165981	0.141258252440123	0.10334261839204	0.321280981491548	0.568149554442746	0.737068405076792	0.474443478304327
Akkermansia glycaniphila	0.341538443334153	0.55224967665945	0.283628566460966	-0.0239103581239203	0.0572365987494028	0.586307661056963	0.741006237571293	0.654039007734617
Lachnospira eligens	0.347953572843364	0.7230744599612	0.151976381031851	0.0616725480198139	0.339942213233405	0.593666531129415	0.862664124046374	0.481030768297706
Unclassified Corynebacterium Genus	0.349667665584316	0.204654315856359	0.282640909254815	0.10366200628849	0.115687095993327	0.593666531129415	0.444265368839804	0.654039007734617
Bacteroides salanitronis	0.358734426064302	0.887293124475072	0.167873091213607	0.00521927512442523	0.0686427287087952	0.598449173619299	0.935478933998877	0.513591932524798
Allopseudarcicella aquatilis	0.359143165078033	0.159914855567745	0.760468846986459	0.0449556782238697	0.0128693298702899	0.598449173619299	0.368758883361443	0.916010488598137
Unclassified Desulfovibrio Genus	0.359405021997821	0.383875206048872	0.175910778311245	0.15983647736939	0.333979471049214	0.598449173619299	0.624302308784744	0.520507156241956
Unclassified Blautia Genus	0.36148971115119	0.162377229415981	0.80451358183357	-0.113765695898208	-0.0259187069764274	0.598449173619299	0.3716634362188	0.918824639766314
Unclassified Lacrimispora Genus	0.362168270119123	0.240268437079701	0.725314142663853	0.165253624811593	-0.0655026977590158	0.598449173619299	0.478986755210501	0.908274495358223
Bacteroides cellulosilyticus	0.372652803244746	0.351660153775511	0.195928036576691	0.130643263237039	0.241277970665755	0.610673089962244	0.600347997329463	0.553894102806055
Unclassified Ruminococcus Genus	0.373518491918654	0.88100585293851	0.210977615803666	-0.0295118993396742	0.335471105761038	0.610673089962244	0.935478933998877	0.571860379678357
Bacteroides caccae	0.384367717904537	0.496314011763941	0.176871363771539	0.171895916569102	0.455043627150973	0.623063269115658	0.713307114581664	0.520507156241956
Bifidobacterium animalis	0.385129722980876	0.256503612176493	0.269920937071036	-0.0439530895966536	-0.054811016952871	0.623063269115658	0.498488151965637	0.636683737060687
Unclassified Eubacteriaceae Family	0.391047394826201	0.240238138067033	0.780339621564582	-0.057854554187325	0.0176864358602141	0.629341901048416	0.478986755210501	0.916824878568274
Exiguobacterium sp. AT1b	0.404614185084376	0.192058676362855	0.868196889980566	-0.0467533401984488	-0.0077230926148844	0.647801985445969	0.426950582705914	0.940270532280055
Unclassified Gammaproteobacteria Class	0.410602915639546	0.313573815230631	0.245375258176294	0.067551235085157	0.104760890271382	0.65397461034387	0.560082710440839	0.616319818955881
Bifidobacterium gallinarum	0.412702424003413	0.207808013027609	0.430996686966245	-0.204079850706739	-0.162469187900958	0.65397461034387	0.444265368839804	0.774290559724243
Bacillus thuringiensis	0.415329096237262	0.258987758810335	0.773181795539754	0.0468921227809247	-0.0152061230624187	0.65477903437405	0.50017010920246	0.916010488598137
Unclassified Bacteroidales Order	0.419867335252677	0.538007851633498	0.36903216296976	0.0661137378910811	-0.127420274431035	0.65857363752831	0.737068405076792	0.726311709284433
Barnesiella viscericola	0.423796543273055	0.648524750950389	0.32342201781021	-0.0614726185034785	0.180485736567117	0.661379453895828	0.818861475229572	0.691600312596565
Christensenella minuta	0.436914096230268	0.252177106259359	0.351300313311413	0.157997446814104	0.171447826534686	0.672044592244202	0.493181809076848	0.712333124921784
Cellulosilyticum lentocellum	0.437858768266157	0.486135493913139	0.423395210661277	-0.0241905871228774	0.03573376632332	0.672044592244202	0.705238815113427	0.76508257365108
Unclassified Synechococcales Order	0.438767832759857	0.391563092813372	0.540312327059921	-0.124621372780751	0.118178915939409	0.672044592244202	0.627547903924376	0.854473174472636
Lachnoclostridium phytofermentans	0.440531319706793	0.225786637425384	0.442839048183192	-0.0835240167761931	-0.0690050086657834	0.672044592244202	0.464591302028627	0.786421068325323
Bacillus anthracis	0.441505023383732	0.667186154124804	0.204918232701175	-0.0154385706580641	-0.0591442613888728	0.672044592244202	0.827953902106685	0.566145963773897
Bacteroides zoogleoformans	0.446121461757838	0.389340976505073	0.542491361843075	0.0746263470938648	-0.0675430709325427	0.675742802368489	0.627547903924376	0.854473174472636
Unclassified Flammeovirga Genus	0.454976522113929	0.615981236819954	0.353733011390233	0.0153304827339802	-0.03657339325255	0.683008408447864	0.793075842405691	0.712333124921784
Bacteroides sp. A1C1	0.455338938965243	0.549421936427339	0.218388538518129	-0.0730513347934809	-0.203243623137418	0.683008408447864	0.741006237571293	0.586800507844365
Oscillibacter valericigenes	0.461073038840774	0.940252760586172	0.238126817932643	0.0140532796508843	0.301378690232087	0.686779829690116	0.967365287219442	0.608108981332121
Unclassified Betaproteobacteria Class	0.462298396684609	0.770784653068315	0.221375965253888	-0.0437042445069533	-0.249552255090962	0.686779829690116	0.878735622255859	0.589699769512511
Odoribacter splanchnicus	0.466819211230163	0.221395880623021	0.711595602987249	0.204650209981636	0.0814213635139188	0.687993246048866	0.464591302028627	0.908274495358223
Bacillus sp. FJAT-45348	0.468728885694342	0.227033289988099	0.821314972439205	-0.0386720138746894	-0.00924998333424235	0.687993246048866	0.464591302028627	0.932589066760223
Sutterella megalosphaeroides	0.471885210419494	0.228657537914837	0.796071006714983	0.191594522039915	0.0543890339522441	0.687993246048866	0.464836705366346	0.918824639766314
Xanthomonas euvesicatoria	0.473626974566499	0.295949463219358	0.804104268453267	0.0455287475406417	-0.0140400812874777	0.687993246048866	0.541114699022377	0.918824639766314
Unclassified Eubacterium Genus	0.474247771548247	0.529229574875955	0.234006180890936	0.116195052525793	0.297258877656386	0.687993246048866	0.737068405076792	0.607629494918482
Porphyromonas cangingivalis	0.483379242078629	0.27954083363178	0.397239890461403	0.0525375710126829	0.0539388653722788	0.694592179424049	0.523503742983152	0.739440518991406
Roseburia intestinalis	0.48501300356053	0.335064686595227	0.320419048855164	0.212962517483418	0.292346693280576	0.694592179424049	0.584943435920482	0.691600312596565
Bacteroides dorei	0.485540164257587	0.447659383825549	0.544761214793234	-0.145124360863751	0.155385428051787	0.694592179424049	0.67476463220534	0.854473174472636
Unclassified Coriobacteriia Class	0.493072263723906	0.271960523375422	0.981444297451019	-0.194183406476649	0.0054653373617515	0.701888758462464	0.515538139875929	0.99219728926088
Petrocella atlantisensis	0.495962525149093	0.490132330792483	0.255131679928645	-0.0459972410161003	-0.103105820905998	0.701888758462464	0.707714440256435	0.620753457464185
Unclassified Oscillospiraceae Family	0.497899278900954	0.39197527713145	0.640194048253043	-0.144094471173441	0.104896439424886	0.701888758462464	0.627547903924376	0.902210283391102
Clostridium sp. SY8519	0.499726624148032	0.302078473243631	0.388492100788615	0.130878379330501	0.14287018849838	0.701888758462464	0.549072048425189	0.739440518991406
Ezakiella massiliensis	0.502361323271198	0.780169183261654	0.324537363516187	-0.0203830046659776	0.0930635762266755	0.702396601315838	0.878735622255859	0.691600312596565
Bacillus amyloliquefaciens	0.506757683384535	0.428436303711355	0.597294662464129	-0.0932198331324815	0.0831162973208215	0.705351910656853	0.65538028637034	0.881294402028209
Unclassified Lactobacillus Genus	0.516626291426056	0.262850195232711	0.570122655573188	0.183418520632207	0.119219493086673	0.715863336550006	0.504476461657811	0.877369338761984
Prevotella denticola	0.530495464967241	0.272371531994279	0.840680411482523	0.104187437429523	0.0254555419552772	0.731799547655703	0.515538139875929	0.940270532280055
Cupriavidus malaysiensis	0.543809152632742	0.784890070364457	0.357319205057853	-0.0257022322868005	0.111995005687084	0.741601749784722	0.878735622255859	0.712333124921784
Geobacillus sp. JS12	0.545649271048791	0.918126803640238	0.29179094580894	0.0110274731029399	0.153502516751711	0.741601749784722	0.95201739035179	0.658127023758849
Filifactor alocis	0.547191525554241	0.381414822436486	0.367989434354432	-0.0816823027134972	-0.107972685765951	0.741601749784722	0.624302308784744	0.726311709284433
Unclassified Flavobacteriales Order	0.54720129110329	0.524880255263539	0.296646353821088	0.0338481537957952	0.0719208126968073	0.741601749784722	0.737068405076792	0.66302580276874
Unclassified Alistipes Genus	0.555886043705223	0.320471460030283	0.972426872252748	-0.15887006584484	0.00738001859451089	0.750082041506174	0.565861035139186	0.99219728926088
Unclassified Bacillaceae Family	0.560784596897334	0.380738082370799	0.776682032403599	0.0601533501394707	-0.0257706534181788	0.75340191496207	0.624302308784744	0.916010488598137
Clostridium baratii	0.568815797782747	0.414027792830013	0.70732720294568	0.0708068793719602	-0.0415764191814656	0.759014880076005	0.642887376806402	0.908274495358223
Ruminococcus champanellensis	0.575088665095202	0.810751519021456	0.382476513525218	-0.014937196512749	0.0735241164423783	0.759014880076005	0.88851924679144	0.739440518991406
Unclassified Cytophagales Order	0.576715838738927	0.684330401617426	0.299354133771959	0.0374630140197543	0.125199639415197	0.759014880076005	0.841709592208631	0.66302580276874
Ruminococcaceae bacterium CPB6	0.583387558881254	0.304189040867017	0.7739458083025	-0.219688560569869	-0.0807492498248132	0.759014880076005	0.54967493349654	0.916010488598137
Petrotoga mobilis	0.58347209933007	0.784518541088613	0.304378059117111	0.0167623552605022	0.0827166583278182	0.759014880076005	0.878735622255859	0.664900214234409
Bacteroides thetaiotaomicron	0.584046873679859	0.331864835871505	0.514589291009205	0.190578343820684	0.169377896536716	0.759014880076005	0.582649058433494	0.850310646640879
Paenibacillus mucilaginosus	0.586930245250308	0.765916734971049	0.413310276311599	-0.0465515626375726	0.172753006563161	0.759014880076005	0.878735622255859	0.755239534726393
Unclassified Burkholderiales Order	0.587694634846126	0.315685982912806	0.872326605033138	0.0835807756645888	0.0177753631630292	0.759014880076005	0.560614762758948	0.940270532280055
Alistipes communis	0.587833710504774	0.663938019016068	0.469863991313222	0.0418597603679797	-0.0937311522630944	0.759014880076005	0.827953902106685	0.803492044874353
Flavonifractor plautii	0.590874960383059	0.309145072540774	0.726803825158988	0.185746634460553	0.0840392646008432	0.759014880076005	0.555382717529646	0.908274495358223
Unclassified Planctomycetes Phylum	0.593641132687182	0.977465775004045	0.336758293343328	0.000570101546049879	0.0261992312262669	0.759014880076005	0.983833630215798	0.707879677844138
Lactobacillus plantarum	0.594438838117777	0.341261687427443	0.519573946054078	0.0301276380018552	0.026859141557181	0.759014880076005	0.592414951770111	0.850350005700425
[Eubacterium] cellulosolvens	0.613446148535244	0.695211131505941	0.471406336607976	0.0443637825815024	-0.108686221508822	0.770569516707207	0.84204864533587	0.803492044874353
Unclassified Lactobacillaceae Family	0.614331055577862	0.686442774228398	0.329849005704984	0.0336829445084046	0.105633497987238	0.770569516707207	0.841709592208631	0.698105087416713
Staphylococcus cohnii	0.616681921754895	0.518150940429919	0.623770369388756	-0.0605963359214708	0.0589403832677458	0.770569516707207	0.737068405076792	0.902210283391102
Bacteroides intestinalis	0.619249564994605	0.406719012794948	0.844775005370416	0.155880330818272	-0.0488880271914279	0.770569516707207	0.637950126668218	0.940270532280055
Bacteroides uniformis	0.619730782749201	0.405060339426139	0.450170042573049	0.16349087263174	0.197722067415568	0.770569516707207	0.637950126668218	0.794871675171841
Coriobacterium glomerans	0.620912981385451	0.862851424657041	0.339296957374686	-0.00817416365178054	-0.060376654740812	0.770569516707207	0.923327589056126	0.708397025870121
Mycoplasma iowae	0.620944367832021	0.66498215001473	0.49274738081766	0.0146058897672923	-0.0297657045152804	0.770569516707207	0.827953902106685	0.82302130093328
Christensenella sp. Marseille-P3954	0.629438359658111	0.393994476897505	0.911545268707473	-0.0543600010217719	0.00944324733621724	0.773511115399896	0.627547903924376	0.961033532979222
Unclassified Actinobacteria Class	0.629719018685522	0.398823258102008	0.882454544858304	0.0526493212510765	-0.0120310384668227	0.773511115399896	0.631981470530874	0.940270532280055
Olsenella sp. oral taxon 807	0.631198029515194	0.416643353632287	0.46141121126658	0.076087667684081	0.0899538905808854	0.773511115399896	0.643713981361884	0.803492044874353
Lactobacillus acetotolerans	0.634975816626731	0.43250635084303	0.805830023872722	0.0269866515877493	-0.0110205362223164	0.773511115399896	0.658347105470425	0.918824639766314
Burkholderiales bacterium YL45	0.635831143403151	0.376754154304453	0.97795243622887	-0.0314678915825373	0.0012740979531898	0.773511115399896	0.624302308784744	0.99219728926088
Peptoniphilus ivorii	0.644016185658932	0.881058838448397	0.412605425164857	0.0132764958215673	-0.0963544109284567	0.780396083798471	0.935478933998877	0.755239534726393
Fastidiosipila sanguinis	0.649095378419279	0.597228831329047	0.374919417450306	-0.0517035934872037	-0.113680817216994	0.781304937860885	0.775564744495339	0.73322848096294
Lachnospiraceae bacterium oral taxon 500	0.649823200745137	0.535973391832468	0.664706029163065	-0.0592894063303765	0.0554877088804026	0.781304937860885	0.737068405076792	0.902210283391102
Unclassified Prevotellaceae Family	0.654049171676026	0.543779837603904	0.655334492677641	0.0788875828027257	-0.0768233741719102	0.783337961425938	0.740211320791217	0.902210283391102
Emcibacter sp. MEBiC09520	0.656874064977853	0.597360547540099	0.599455646749754	0.0135199910322094	-0.0178589640506707	0.783565169825629	0.775564744495339	0.881294402028209
Eggerthella lenta	0.659310498882406	0.996924643827119	0.395632521815161	0.000749738104837306	-0.222615439784685	0.783565169825629	0.996924643827119	0.739440518991406
Unclassified Lactococcus Genus	0.66859790334541	0.379585475079583	0.880642297711463	0.18044274845629	0.0393151429346743	0.788710709831662	0.624302308784744	0.940270532280055
Unclassified Megasphaera Genus	0.668745003158238	0.440127089799796	0.492452384523914	-0.0619382218613388	-0.073890353395098	0.788710709831662	0.666663091902632	0.82302130093328
Unclassified Coriobacteriales Order	0.671470087771862	0.378107662791876	0.826956000945958	-0.102600911589952	-0.0334050526605219	0.788913525176826	0.624302308784744	0.932589066760223
Bifidobacterium adolescentis	0.679013172444449	0.524235435387179	0.719544694302515	-0.0292129155708171	0.0215852358128172	0.792237093288277	0.737068405076792	0.908274495358223
Unclassified Muribaculaceae Family	0.679835931892194	0.427697793814512	0.946555605956918	0.149903750919183	-0.0168901050612659	0.792237093288277	0.65538028637034	0.981495577988884
Unclassified Lactobacillales Order	0.684143218216999	0.86071026642214	0.391243347546077	0.0233621511688863	0.14740444451928	0.792237093288277	0.923327589056126	0.739440518991406
Unclassified Parabacteroides Genus	0.684554381579191	0.677683308760766	0.393737498564277	0.0923502688647575	0.253657704970757	0.792237093288277	0.837616569628306	0.739440518991406
Unclassified Corynebacteriales Order	0.688828900164944	0.636985156460908	0.405913737076732	-0.04418053693537	-0.103244583235836	0.793272887602812	0.813340551018268	0.751061944650959
Clostridium bornimense	0.690583840663937	0.593929124854279	0.645697738503103	-0.0418443451266161	0.0472206139307974	0.793272887602812	0.775564744495339	0.902210283391102
Clostridium botulinum	0.697020784434642	0.412939208579197	0.92987136863748	-0.155513194445646	-0.0221126614258422	0.797701564408535	0.642887376806402	0.970710313881693
Ruminococcus bicirculans	0.701145290640045	0.479309173392554	0.847574992103306	-0.123954421033766	0.0439566569928795	0.79946086644935	0.702678338211553	0.940270532280055
Unclassified Clostridia Class	0.716571724627574	0.801451179969411	0.523296160198844	0.0421400928952733	-0.143708385717738	0.814046554815884	0.88851924679144	0.850775064816056
Actinomyces sp. oral taxon 414	0.751003329941629	0.981377635977994	0.472742799668131	-0.000932302576033888	-0.0369721560650038	0.848656892183357	0.984563927003896	0.803492044874353
Unclassified Salicibibacter Genus	0.752530706984595	0.45709936850952	0.750734778697871	0.0543862416766434	0.0303468013921721	0.848656892183357	0.679056273410778	0.914171098410438
Unclassified Atopobiaceae Family	0.759330082489586	0.484925938564104	0.972463118877844	-0.0346117495368499	-0.00229766361852254	0.853210892688298	0.705238815113427	0.99219728926088
Helicobacter hepaticus	0.7767137652684	0.808197753768976	0.582070574730639	0.0103381669143101	-0.0301447998914087	0.869581715463535	0.88851924679144	0.880681800182788
Mycoplasma edwardii	0.794667152926712	0.649259098482994	0.538135798232946	0.015334407695262	0.0266800683753276	0.886303788974984	0.818861475229572	0.854473174472636
Euzebya sp. DY32-46	0.797837087200487	0.708548105797498	0.52011699377793	0.0149490339427355	0.0333474059816112	0.886303788974984	0.851911924869365	0.850350005700425
Dehalobacter restrictus	0.803119725748745	0.763790986876036	0.650249306271798	0.0200107255912456	-0.0398716383293049	0.886303788974984	0.878735622255859	0.902210283391102
Anaerocolumna sp. CBA3638	0.803123174475713	0.532493734770155	0.692698017675743	-0.086703462708536	-0.0707531647466159	0.886303788974984	0.737068405076792	0.906964777380528
Unclassified Thermotoga Genus	0.809419513130617	0.539085629603091	0.991404834098723	0.0341173419390693	0.00076544033312886	0.890073414794878	0.737068405076792	0.99219728926088
Staphylococcus epidermidis	0.832273293606411	0.56413092176639	0.728971116015661	-0.0399607745579979	-0.0310115047597776	0.910306494292631	0.751364029421615	0.908274495358223
Unclassified Cellulosilyticum Genus	0.836085953380055	0.553956119349413	0.879467318080249	0.0165113030791462	0.00541392487554967	0.910306494292631	0.741006237571293	0.940270532280055
Unclassified Leuconostoc Genus	0.836657101550509	0.583644989210945	0.696308833998577	0.0488454329213153	0.0450392293583965	0.910306494292631	0.773035255681993	0.90784569496017
Unclassified Proteobacteria Phylum	0.850831673908539	0.585405339254325	0.75128534921755	0.0732393693553013	0.0564524538564733	0.917830967866608	0.773035255681993	0.914171098410438
Acidaminococcus intestini	0.851866306208206	0.694311643436913	0.803512757319225	-0.0845982706565486	0.0708385323441852	0.917830967866608	0.84204864533587	0.918824639766314
Clostridiales bacterium CCNA10	0.852483779215911	0.888123847322458	0.643600007582757	-0.0230074493110493	0.101232750363725	0.917830967866608	0.935478933998877	0.902210283391102
Unclassified Bifidobacteriaceae Family	0.86582123732988	0.645626272874493	0.923531215355157	-0.0361502780389734	0.0100667226077641	0.92681738216029	0.818861475229572	0.96735981540591
Massilistercora timonensis	0.871375366260232	0.697619589663375	0.644103552169361	-0.0467495405272307	-0.0749246141524307	0.92681738216029	0.84204864533587	0.902210283391102
Muribaculum sp. TLL-A4	0.873521575210331	0.742403281002033	0.786140787238679	-0.0177650296052931	0.0189017360003527	0.92681738216029	0.869876946758952	0.918824639766314
Unclassified Acidaminococcus Genus	0.882911855169082	0.782903908147621	0.63276994633342	-0.0348827781180311	-0.077739269030083	0.92681738216029	0.878735622255859	0.902210283391102
Parabacteroides distasonis	0.883156360301943	0.761315983335382	0.792932105544408	0.040707689690539	-0.0471163422812997	0.92681738216029	0.878735622255859	0.918824639766314
Unclassified Candidatus Arthromitus Genus	0.883496465498274	0.718499536980684	0.662733346456362	-0.0685894602051165	-0.10808816261886	0.92681738216029	0.860528515221051	0.902210283391102
Staphylococcus aureus	0.884103930960308	0.951037999482321	0.630080659843606	-0.00942568925578202	-0.0968686252342373	0.92681738216029	0.969870435115635	0.902210283391102
Butyrivibrio proteoclasticus	0.88482565610772	0.632328974748836	0.955189962513228	0.0322440610204544	0.00498871203101472	0.92681738216029	0.810745448951828	0.983845661388625
Lactobacillus reuteri	0.894178165630251	0.733357405542904	0.852818109259542	-0.00975936310874374	0.00712133632234904	0.933449503985633	0.868227732999071	0.940270532280055
Caloranaerobacter azorensis	0.905465959500231	0.902729325143601	0.722161029338323	-0.00391245486280881	0.0153104114674247	0.940690820688561	0.942376221180314	0.908274495358223
Fuerstia marisgermanicae	0.907203445194794	0.760300669513213	0.691561240661776	-0.0116785713314314	-0.0199874619919393	0.940690820688561	0.878735622255859	0.906964777380528
Anaerococcus mediterraneensis	0.91094083231379	0.810881642702868	0.679167182161929	-0.0168732705542019	-0.0379437589993261	0.941407080886158	0.88851924679144	0.906964777380528
Deinococcus radiodurans	0.926798860267963	0.843629184615741	0.703802910705247	0.0150747894686834	0.0390000107662699	0.952568247877015	0.911473489672251	0.908274495358223
Alistipes shahii	0.930559918468941	0.945450863237125	0.745032091364585	-0.0129279729082719	0.0819500668639128	0.952568247877015	0.967365287219442	0.914171098410438
Peptostreptococcaceae bacterium oral taxon 929	0.930989031905691	0.802847603747608	0.856233367185789	-0.0271246414609485	0.0260582340997514	0.952568247877015	0.88851924679144	0.940270532280055
Muribaculum sp. H5	0.951178827099484	0.895484025012452	0.75490591219163	-0.00894235923461278	-0.0279154646822462	0.970014051398484	0.937981571962196	0.91476834065574
[Eubacterium] minutum	0.957555636469225	0.772775941073629	0.892030082152486	-0.0141637842759397	-0.00873575985367653	0.97330490680589	0.878735622255859	0.947207200636145
Candidatus Cloacimonas acidaminovorans	0.968343971198286	0.890067335261068	0.87778738059392	-0.00453613024728722	0.0065898718630941	0.977882597762088	0.935478933998877	0.940270532280055
Megasphaera elsdenii	0.96953117743387	0.806633191112055	0.909161785425968	-0.0435710643012688	-0.0272942407673047	0.977882597762088	0.88851924679144	0.961033532979222
Lactobacillus delbrueckii	0.971553260559744	0.838826334040137	0.855015869891082	-0.0262862185373781	-0.030304271295703	0.977882597762088	0.909464341117201	0.940270532280055
Clostridioides difficile	0.979590002691997	0.96572954449753	0.864636213913569	0.0083862491212932	-0.0444261586658907	0.982770489713724	0.978394849999137	0.940270532280055
Unclassified Prevotella Genus	0.995551222866688	0.927825698523214	0.99219728926088	-0.0163820140131532	-0.00238009630625815	0.995551222866688	0.958856658340044	0.99219728926088
