bugName	pval	p6M	p1Y	s6M	s1Y	Adjustedpval	Adjustedp6M	Adjustedp1Y
Unclassified Absiella Genus	0.00193777086170455	0.00119069263011932	0.00318848315439988	-1.26384816625358	-1.13689090799485	0.401762345853543	0.356530877893889	0.292065056943029
[Clostridium] hylemonae	0.00223601781264082	0.415621720546754	0.00195899428353091	0.104338246896064	-0.516629477808164	0.401762345853543	0.82563731996144	0.292065056943029
Enterobacter hormaechei	0.00451253040484412	0.00294388910489967	0.00574967053203202	1.07208803566143	1.00460636584199	0.401762345853543	0.356530877893889	0.356792073821501
Fusobacterium nucleatum	0.00506291747094711	0.00190111914661025	0.0202563373982512	0.872612938873286	0.599951115131896	0.401762345853543	0.356530877893889	0.403875809423618
Unclassified Veillonella Genus	0.00515513346986807	0.00311380679383309	0.00865163086779747	1.29647392741822	1.11735621296898	0.401762345853543	0.356530877893889	0.356792073821501
Unclassified Salicibibacter Genus	0.00580612130900149	0.0137706410375933	0.00292268976841809	-0.373933006815628	-0.495543631473418	0.401762345853543	0.608428741508136	0.292065056943029
Unclassified Haemophilus Genus	0.00614047253487948	0.0809084920513084	0.00182475621042116	0.441501070081226	0.999289327911781	0.401762345853543	0.73289409570924	0.292065056943029
Alistipes finegoldii	0.00727892395276397	0.0642160057361458	0.00233835817323669	0.458771123024715	0.901733262650675	0.416718396295737	0.73289409570924	0.292065056943029
Unclassified Actinobacteria Class	0.0105838329412624	0.00955975311808599	0.00934405953562824	-0.317841828806763	-0.327518496006958	0.471249551847562	0.540716401688893	0.356792073821501
Unclassified Enterobacteriaceae Family	0.011912662495879	0.00824130617033694	0.0119116499833965	1.21539646115052	1.18712166642271	0.471249551847562	0.539216889430617	0.359306753567866
Anaerostipes rhamnosivorans	0.0121128344865566	0.749429305157148	0.00756835756385026	0.0794847707904915	-0.830287373221863	0.471249551847562	0.915046607389097	0.356792073821501
Unclassified Roseburia Genus	0.0125218198267348	0.421800097836381	0.0125522009980041	0.165430049665283	-0.618373537770342	0.471249551847562	0.82563731996144	0.359306753567866
Salmonella enterica	0.0142234706768688	0.00694106846075908	0.0229149497147478	1.0225535214571	0.848043751049032	0.471249551847562	0.529834892504609	0.403875809423618
Unclassified Flavobacteriaceae Family	0.0161569015772007	0.127325965474994	0.0466995859167737	-0.136600273622342	0.192497512984219	0.471249551847562	0.73289409570924	0.523219213972993
Sporomusa termitida	0.0176831263541783	0.152714712014368	0.0413195901575442	0.265877977028763	-0.411321338659821	0.471249551847562	0.73289409570924	0.511469521409602
Roseburia intestinalis	0.018722488767587	0.291121693071562	0.0254630224722938	0.355191034257733	-0.858680419759814	0.471249551847562	0.749795375920131	0.403875809423618
Kosakonia cowanii	0.0189653307383015	0.00680291611802819	0.491208421588435	0.29180153630636	0.0640498912186896	0.471249551847562	0.529834892504609	0.839453198087699
Lachnospiraceae bacterium Choco86	0.0203238101322851	0.0191648260380428	0.0144205078705726	-0.415458986251355	-0.45733507567009	0.471249551847562	0.608428741508136	0.376372595856906
Petrotoga mobilis	0.0211802543075407	0.0486140436746179	0.171110281265731	-0.184121122892992	0.125151431203485	0.471249551847562	0.688971349960071	0.675590593273318
Unclassified Firmicutes Phylum	0.0214331202792173	0.509885888606718	0.00767712119131638	-0.150968612247403	-0.763656153754293	0.471249551847562	0.857772413208002	0.356792073821501
Unclassified Orbaceae Family	0.0216075122026175	0.14321536390124	0.0555919301710784	-0.135695061648263	0.189759437060935	0.471249551847562	0.73289409570924	0.551536071700305
Anaerocolumna sp. CBA3638	0.0226806116652728	0.255861933786513	0.00719244448993727	-0.238940074855716	-0.683260263273322	0.472169097395225	0.733546406303764	0.356792073821501
Bifidobacterium longum	0.0260359646756227	0.018149474157723	0.022437017551736	-0.271555435562927	-0.271555405654094	0.497558703763778	0.608428741508136	0.403875809423618
Unclassified Lacrimispora Genus	0.0260729451753945	0.0344551320283634	0.28873609029804	0.263027953621332	-0.121744192642093	0.497558703763778	0.660113158114806	0.751370053161945
Bacteroidales bacterium CF	0.0284241189745149	0.493208422156756	0.0101272859381649	0.0682827083985591	0.315954438510261	0.50607357317842	0.854209596744897	0.356792073821501
Unclassified Alistipes Genus	0.0298975665464423	0.158940225476092	0.0100051850663744	0.514219855658409	1.0862595782863	0.50607357317842	0.73289409570924	0.356792073821501
Clostridium septicum	0.0307087548973535	0.999999493371973	0.0163205741048515	-6.330091803665e-08	0.293104362908436	0.50607357317842	0.999999493371973	0.393411733685367
Unclassified Phascolarctobacterium Genus	0.0317419239866961	0.679657208910158	0.0122523544191196	0.174113830331793	1.27942551644489	0.50607357317842	0.891871204944867	0.359306753567866
Stella humosa	0.0320439598737428	0.0106254314742359	0.395411945745801	0.230554417800472	0.0658015742236015	0.50607357317842	0.540716401688893	0.787385526745986
Enterobacter asburiae	0.0370429140804527	0.0196325809166418	0.999997575745282	0.196819773267487	2.31104747974511e-07	0.559615681555255	0.608428741508136	0.999997575745282
Bacteroides intestinalis	0.0382510313055052	0.0216206707763683	0.0479808012813662	0.571987440209222	0.477084257480659	0.559615681555255	0.608428741508136	0.523219213972993
Weissella ceti	0.0390997856108475	0.0413195254411527	0.438929594675635	0.145482775129013	-0.0521082046163289	0.559615681555255	0.660113158114806	0.823892435907544
Candidatus Promineofilum breve	0.0407347668879998	0.136511925414084	0.0147919360817125	0.141733800574794	0.260391613889099	0.565349188930422	0.73289409570924	0.376372595856906
Faecalibaculum rodentium	0.0421223335982565	0.0239120466094901	0.0427775394237087	-0.54467748579549	-0.496870602334543	0.567412611411808	0.608428741508136	0.515581922527857
Unclassified Erysipelotrichaceae Family	0.0439001431690628	0.0293812700790647	0.0403982871698219	-0.703660954753841	-0.669194950134265	0.57430410324197	0.660113158114806	0.511469521409602
Staphylococcus aureus	0.0458049806666813	0.127793636231068	0.167802161994312	0.343251238087844	-0.321506646165291	0.57430410324197	0.73289409570924	0.673310722900431
Ferrimonas sp. S7	0.0463957463317749	0.0230704461755689	0.0565986798469746	0.406982762777204	0.342158794976801	0.57430410324197	0.608428741508136	0.551536071700305
Unclassified Butyrivibrio Genus	0.0482986539635064	0.0197365880655253	0.0993438128974496	0.526481585373491	0.35539386733404	0.582125881981209	0.608428741508136	0.591122930306117
Planctomycetes bacterium Mal48	0.051077460878354	0.0340731629876581	0.0409422786417937	-0.197115010417377	-0.197114666283451	0.599832745699644	0.660113158114806	0.511469521409602
Unclassified Megasphaera Genus	0.0525132352222726	0.0772577845020176	0.0237286325476945	-0.416680366727156	-0.587780012998923	0.601276543295021	0.73289409570924	0.403875809423618
Burkholderia thailandensis	0.0542064500619366	0.0210831437222222	0.673748897310711	0.339539545068809	0.055343130628969	0.605525710447974	0.608428741508136	0.926657642547464
Alistipes onderdonkii	0.0575310103037372	0.209847206080005	0.0202809915195041	0.427823120264229	0.896053417665909	0.618434407626337	0.73289409570924	0.403875809423618
Unclassified Selenomonas Genus	0.0597150974645091	0.636777491164534	0.0476946602682554	-0.0518908718348998	0.251408475246875	0.618434407626337	0.882386486000967	0.523219213972993
Unclassified Aeromonas Genus	0.0598902031561253	0.23634663392771	0.0207047259613912	0.203975678797582	0.461001985694633	0.618434407626337	0.73289409570924	0.403875809423618
Akkermansia muciniphila	0.0607632059894873	0.0341171230581525	0.0646264924327736	1.27319375647664	1.10981872721678	0.618434407626337	0.660113158114806	0.571906973205094
Echinicola sp. LN3S3	0.063527384557418	0.327242459855662	0.0218887605222352	0.0438462529077658	0.119896116319041	0.620966572938748	0.768073229209815	0.403875809423618
Unclassified Clostridium Genus	0.0661399837174633	0.588955170529781	0.0255972982442923	0.143690428786554	0.705282496227266	0.620966572938748	0.882386486000967	0.403875809423618
Unclassified Candidatus Arthromitus Genus	0.0672630263542997	0.216193973436277	0.126931036222679	0.413687386006466	-0.530147978475586	0.620966572938748	0.73289409570924	0.62264817055459
Unclassified Parabacteroides Genus	0.0694992285115836	0.161704674803366	0.0264547473421584	0.769701143513538	1.3708628692158	0.620966572938748	0.73289409570924	0.403875809423618
Alloprevotella sp. E39	0.0696905345151898	0.339833054313442	0.0242078390940642	0.143169443695829	0.387338208921408	0.620966572938748	0.778217694377782	0.403875809423618
Geoalkalibacter subterraneus	0.0711572973163488	0.639732090106265	0.0274587653137367	-0.181117506641642	-0.996978131862946	0.620966572938748	0.882386486000967	0.405681113344885
Veillonella parvula	0.073168635999516	0.0387790757541069	0.0820094253416131	0.912368517403472	0.762485797463437	0.620966572938748	0.660113158114806	0.587681253989292
Unclassified Enterobacterales Order	0.0732085396093889	0.0511463447568612	0.0549401978639868	0.472066533392366	0.481245647827992	0.620966572938748	0.688971349960071	0.551536071700305
Romboutsia sp. CE17	0.0732143994294594	0.0432388531516249	0.777391953421012	0.471762815987746	-0.0597908147896038	0.620966572938748	0.660113158114806	0.953432365010958
Streptococcus periodonticum	0.0792152593752143	0.0991224473916759	0.353640008272687	0.206867688956766	-0.113966361455394	0.651787258409601	0.73289409570924	0.777728671064011
Dialister pneumosintes	0.0796945119452788	0.521742860994293	0.0675505517507412	0.257547306360097	-0.808789001634179	0.651787258409601	0.862665091463487	0.571906973205094
Escherichia coli	0.0833783781760445	0.10740217886286	0.0383883083178928	0.833779259429399	1.17181178744748	0.66995258253734	0.73289409570924	0.511469521409602
Acidothermus cellulolyticus	0.0853921189825515	0.0334261554377647	0.185823868054693	-0.464752678223998	-0.273022075148763	0.674303284379458	0.660113158114806	0.68950169654584
Clostridium perfringens	0.0883066150694659	0.069918192505666	0.0596985526335054	0.609498723088679	0.653622580372044	0.676070414185289	0.73289409570924	0.569623689711364
Candidatus Erwinia haradaeae	0.0885681765308239	0.264580707976876	0.0318265659403048	0.0905813607695169	0.199816582604274	0.676070414185289	0.738890025935422	0.455517725020612
Unclassified Anaerolineaceae Family	0.0947408622315413	0.0388418890771068	0.669796407790684	0.210485370197615	0.040689540707357	0.711333031181081	0.660113158114806	0.926657642547464
Streptococcus sp. I-P16	0.0983869979939819	0.0418140592189942	0.143006476103285	0.168161660242062	0.119813451017959	0.726794275503931	0.660113158114806	0.629778519762543
Prevotella ruminicola	0.103986064557508	0.351300866088833	0.126595614958753	-0.0456243778658929	0.0786727579074922	0.737766746492827	0.784252190470558	0.62264817055459
Bacteroides uniformis	0.106647806225989	0.0593900230993284	0.0944632762357406	0.933978565285653	0.847780109760156	0.737766746492827	0.73289409570924	0.591122930306117
Bacteroides helcogenes	0.10666423639181	0.0389481915015947	0.313809075251339	0.169410925429885	0.0791239102362605	0.737766746492827	0.660113158114806	0.760089040804633
Noviherbaspirillum sp. UKPF54	0.106780199118604	0.0943433301266681	0.495148479253994	-0.183415009012969	0.070792340270551	0.737766746492827	0.73289409570924	0.84304090519825
Unclassified Pasteurellaceae Family	0.109020625362338	0.277896488228562	0.0403021507950055	0.231037500453614	0.495873895105023	0.737766746492827	0.74524967386157	0.511469521409602
Unclassified Planctomycetes Phylum	0.109537420876664	0.0413568406562712	0.53076045242315	-0.252200422797563	-0.0724537983901003	0.737766746492827	0.660113158114806	0.859192691142068
Staphylococcus epidermidis	0.114863083562995	0.211371274575228	0.0450313185790935	-0.189077341775126	-0.339082975107384	0.762194353574717	0.73289409570924	0.523219213972993
Hungatella hathewayi	0.121292736817886	0.0449386663374105	0.365174947670766	0.374639521054409	0.162234582590339	0.762194353574717	0.663932554275291	0.779413953771543
Aminomonas paucivorans	0.127322671315476	0.0609023538499044	0.138054621922981	0.20160387728336	0.160968078631091	0.762194353574717	0.73289409570924	0.62264817055459
Unclassified Sphingobacteriaceae Family	0.129733029620928	0.991842352937819	0.0650614896682745	-0.000873709340009208	0.177046204580055	0.762194353574717	0.999999493371973	0.571906973205094
Blautia producta	0.13262913243921	0.29577698372729	0.0509772396073077	-0.329694417911701	-0.684807297848963	0.762194353574717	0.749795375920131	0.530626721366976
Unclassified Gemella Genus	0.133650182584778	0.0501737274819386	0.390222448229109	0.553670153565615	0.232932718671898	0.762194353574717	0.688971349960071	0.780444896458218
Ephemeroptericola cinctiostellae	0.134465976439541	0.418622842804587	0.0505403668932698	0.0525881970898578	0.143305126748176	0.762194353574717	0.82563731996144	0.530626721366976
Unclassified Desulfovibrio Genus	0.136586391455047	0.106620972304821	0.0887341353124934	0.530610913006305	0.571350913342647	0.762194353574717	0.73289409570924	0.591122930306117
Unclassified Ruminococcus Genus	0.137037431230416	0.127054761433189	0.0746531914769991	0.471036354317688	0.582375756138702	0.762194353574717	0.73289409570924	0.571906973205094
Megamonas hypermegale	0.137951736751861	0.102689157801761	0.64343843335963	0.255229764229056	-0.0699965774720954	0.762194353574717	0.73289409570924	0.918052344170438
Massilistercora timonensis	0.138363284770485	0.113845036963102	0.0832498581821524	-0.430490960176077	-0.492101690471599	0.762194353574717	0.73289409570924	0.587681253989292
Candidatus Ruthia magnifica	0.139681232796454	0.11629309839459	0.581193749742564	0.121896961913556	-0.0419270471548475	0.762194353574717	0.73289409570924	0.890497849027273
Bacillus subtilis	0.140223041529148	0.0665794478808116	0.152054679819765	-0.277919739602579	-0.218957982769707	0.762194353574717	0.73289409570924	0.64218581798728
Streptococcus parauberis	0.140985420244675	0.172507394065248	0.409611980701041	0.244733388624263	-0.14992066184204	0.762194353574717	0.73289409570924	0.800989813076742
Novibacillus thermophilus	0.14641292598567	0.140103188384906	0.074375356097856	-0.165781400762903	-0.215502149633158	0.762194353574717	0.73289409570924	0.571906973205094
Lachnoanaerobaculum umeaense	0.15230818539111	0.381769985022987	0.177854654968461	0.270551003271733	-0.435786922621855	0.762194353574717	0.81325885181641	0.676066259622365
Klebsiella pneumoniae	0.152562805931665	0.198008573394253	0.0670011092018981	0.196205301713464	0.305047819419128	0.762194353574717	0.73289409570924	0.571906973205094
Unclassified Clostridiales Order	0.153578840770183	0.998038533480877	0.0772869158034564	0.000253914771936384	-0.203514418613863	0.762194353574717	0.999999493371973	0.580285367835787
Nitrosomonas europaea	0.15379651760346	0.0673071040862782	0.219653147885837	0.296562161027302	0.193391960918275	0.762194353574717	0.73289409570924	0.717225004718623
Candidatus Sulcia muelleri	0.154739906585357	0.0827954964785716	0.140027863683674	0.471227354226818	0.407985366612362	0.762194353574717	0.73289409570924	0.62264817055459
Lactobacillus plantarum	0.155158105136514	0.0974093535987008	0.110965749372236	-0.298947678227502	-0.298947673057112	0.762194353574717	0.73289409570924	0.597815340095537
Unclassified Akkermansia Genus	0.155202427546055	0.17771853541921	0.0747994763937011	0.232558832889185	0.326759847799923	0.762194353574717	0.73289409570924	0.571906973205094
Bacteroides vulgatus	0.156003750859153	0.229980763825959	0.0653902431769289	0.505961445250411	0.854650803915754	0.762194353574717	0.73289409570924	0.571906973205094
Methylomonas clara	0.157834017869874	0.0619816177056655	0.531670904657516	-0.214006231966378	-0.0687840129577373	0.762194353574717	0.73289409570924	0.859192691142068
Alistipes sp. dk3624	0.159423316123124	0.194925796754797	0.0749223109002306	0.175285212278284	0.254682280906289	0.762194353574717	0.73289409570924	0.571906973205094
Prevotella melaninogenica	0.159838905744014	0.0622181502762491	0.4805707136953	0.289692915104573	0.105773067998147	0.762194353574717	0.73289409570924	0.838337600865433
Eggerthella lenta	0.160123365513066	0.151853138165127	0.0846876916229111	-0.430660296242848	-0.548610110686866	0.762194353574717	0.73289409570924	0.587681253989292
Candidatus Cloacimonas acidaminovorans	0.161722292354641	0.132784974532646	0.59100424798988	-0.177147043370141	0.0622812291670859	0.762194353574717	0.73289409570924	0.899268922190581
[Eubacterium] cellulosolvens	0.165094220806018	0.076783988748236	0.842555846167385	0.434523269361131	0.0468594763085481	0.762194353574717	0.73289409570924	0.959586099951611
Haemophilus parainfluenzae	0.167322623712787	0.609517074313904	0.0684415656416622	0.211803945088621	0.857804726993354	0.762194353574717	0.882386486000967	0.571906973205094
Unclassified Chloroflexi Phylum	0.168900525997594	0.0682796314371186	0.307030780325474	-0.240782207120122	-0.130569160598504	0.762194353574717	0.73289409570924	0.751979130422819
[Clostridium] scindens	0.170968930001797	0.102231141620561	0.133622703788395	-0.492244405154605	-0.463214299653244	0.762194353574717	0.73289409570924	0.62264817055459
Desulfovibrio vulgaris	0.17400458508414	0.239886009119745	0.329834984110027	0.155740430415133	-0.130625247912612	0.762194353574717	0.73289409570924	0.774689347294319
Lachnospiraceae bacterium GAM79	0.178213224403847	0.281664011272151	0.0745694857552136	0.288225886808871	0.519605062209365	0.762194353574717	0.74524967386157	0.571906973205094
Zymobacter palmae	0.179147544391237	0.0788451788103276	0.224391585076274	-0.243384422837318	-0.168456766925849	0.762194353574717	0.73289409570924	0.717225004718623
Stackebrandtia nassauensis	0.180698975675445	0.240253711253641	0.335766507133519	0.101923532409189	-0.0835793528625418	0.762194353574717	0.73289409570924	0.777728671064011
Mahella australiensis	0.18103980663177	0.678118116772862	0.137790754685944	-0.0286376887125719	0.113030093489872	0.762194353574717	0.891871204944867	0.62264817055459
Bacteroides thetaiotaomicron	0.183808158544584	0.328674158064762	0.0742902217928425	0.271482596881067	0.547492956990627	0.762194353574717	0.768073229209815	0.571906973205094
Unclassified Corynebacteriaceae Family	0.184645035290327	0.0733991095698265	0.532523944482096	-0.159135462047797	-0.0530304224730098	0.762194353574717	0.73289409570924	0.859192691142068
Gordonibacter pamelaeae	0.186234699100703	0.0844770108146226	0.847774311364425	-0.287187325411301	-0.0302139315910621	0.762194353574717	0.73289409570924	0.959586099951611
Ruminococcus sp. JE7A12	0.187173690544626	0.824822715698694	0.083760631555062	-0.0392282794273945	-0.339109301411784	0.762194353574717	0.942066842369081	0.587681253989292
Parabacteroides distasonis	0.188073110936574	0.25126964088656	0.0834525229656998	0.502661382665269	0.814534435395524	0.762194353574717	0.73289409570924	0.587681253989292
Acidaminococcus intestini	0.18811565739316	0.196582116661982	0.456120695278163	0.563845458097268	-0.32663864920384	0.762194353574717	0.73289409570924	0.838337600865433
Aggregatibacter segnis	0.193054656657074	0.172835993047093	0.101185169358801	0.220703027553054	0.283120393803563	0.762194353574717	0.73289409570924	0.591122930306117
Pelobacter carbinolicus	0.194230510454548	0.186551793241255	0.531648976778013	0.0979525955952259	-0.0468012214219259	0.762194353574717	0.73289409570924	0.859192691142068
Bacillus thuringiensis	0.194336626773909	0.218795283210192	0.0931051799644715	-0.115971768854351	-0.167811380242832	0.762194353574717	0.73289409570924	0.591122930306117
Unclassified Leuconostoc Genus	0.197486966665374	0.649369574806117	0.152834616071208	0.0934905619297724	-0.321407629384482	0.762194353574717	0.882526009677156	0.64218581798728
Unclassified Negativicutes Class	0.198898526077157	0.26411610596574	0.35490238483052	0.110319491727046	-0.0933244538917417	0.762194353574717	0.738890025935422	0.777728671064011
Streptococcus thermophilus	0.204094179344883	0.0827175681566718	0.380577815088066	0.410450467908851	0.202954809302634	0.762194353574717	0.73289409570924	0.779413953771543
Ruthenibacterium lactatiformans	0.205054058933536	0.084789009542459	0.35143067787919	-0.482298612642424	-0.253155976543559	0.762194353574717	0.73289409570924	0.777728671064011
Unclassified Thermodesulfobium Genus	0.205342999815985	0.181302555798919	0.108616804071049	-0.498461919061959	-0.636705357797701	0.762194353574717	0.73289409570924	0.597815340095537
Unclassified Cytophagales Order	0.207027240891152	0.0960880730032142	0.226492072650755	-0.334818323161916	-0.245677051601927	0.762194353574717	0.73289409570924	0.717225004718623
Clostridiales bacterium CCNA10	0.208055865853303	0.207065425796687	0.10105624422779	0.607581077600951	0.850646041175187	0.762194353574717	0.73289409570924	0.591122930306117
Unclassified Proteus Genus	0.211513733481946	0.0871027887187718	0.563334373914473	0.102107116104065	0.0336516803800428	0.762194353574717	0.73289409570924	0.886789813142458
Thauera sp. K11	0.212789906388376	0.142435949918993	0.70932721550734	-0.14007283251811	0.0340732434797328	0.762194353574717	0.73289409570924	0.938851885367164
Ignavibacterium album	0.216947633461515	0.972997967737809	0.111967785626026	-0.00440102451482342	-0.230031481326469	0.762194353574717	0.991557603134879	0.597815340095537
Alistipes shahii	0.217147798110032	0.202730515485176	0.112253535476455	0.61473871646226	0.813330128865785	0.762194353574717	0.73289409570924	0.597815340095537
Legionella endosymbiont of Polyplax serrata	0.217942691130983	0.37283936184809	0.0900239600952638	-0.189468010105612	-0.395554610890667	0.762194353574717	0.805473715690684	0.591122930306117
Desulfitobacterium dehalogenans	0.218455121687333	0.214854354708255	0.108156647064256	0.116298164604518	0.161333678603139	0.762194353574717	0.73289409570924	0.597815340095537
Aquiflexum balticum	0.218738971503792	0.598212398261725	0.188491039402417	-0.0422320691238099	0.114539948615836	0.762194353574717	0.882386486000967	0.690308990629203
Unclassified Cyanobacteria Phylum	0.222077276994764	0.44471364062185	0.237519056088708	0.148391989521656	-0.241346849227197	0.762194353574717	0.843163751299658	0.717225004718623
Flavobacteriaceae bacterium 10Alg115	0.224057770940916	0.795896849870118	0.147994560952983	-0.044779705164033	0.276380703225711	0.762194353574717	0.935012318270246	0.638137497339356
Cupriavidus oxalaticus	0.225833866042788	0.571351381245462	0.0929016597691138	0.0436874432400833	0.14162139685381	0.762194353574717	0.881110386206143	0.591122930306117
Paraprevotella xylaniphila	0.227126449286606	0.184323695627544	0.607982787958444	0.547290828533463	-0.210537387082077	0.762194353574717	0.73289409570924	0.900815483644772
Pusillimonas sp. DMV24BSW_D	0.231591911236928	0.41602568511546	0.0953660142345035	0.0413974356106777	0.0939650694430325	0.762194353574717	0.82563731996144	0.591122930306117
Unclassified Acidaminococcus Genus	0.233575783748832	0.249618504465357	0.451221168292323	0.302736607841195	-0.200626148520787	0.762194353574717	0.73289409570924	0.838337600865433
Blautia sp. SC05B48	0.233684155928426	0.715478189019125	0.102234629633956	-0.142125813675819	-0.707353089699329	0.762194353574717	0.895325165493877	0.591122930306117
Izhakiella sp. KSNA2	0.234959606374916	0.401732553356291	0.0975086674443951	0.0522117769017834	0.113724706873864	0.762194353574717	0.817976032498714	0.591122930306117
Spiroplasma sp. TIUS-1	0.236174260070532	0.189537895944808	0.621884209200953	0.0672900250435948	-0.0252534423490781	0.762194353574717	0.73289409570924	0.900815483644772
Bacteroides cellulosilyticus	0.236838339264405	0.139271658736121	0.178187761380206	0.504703282020118	0.473906462367748	0.762194353574717	0.73289409570924	0.676066259622365
Fusobacterium ulcerans	0.237806778599363	0.098598393917627	0.413076628070163	0.388788033611537	0.19055720978933	0.762194353574717	0.73289409570924	0.800989813076742
Lactobacillus mucosae	0.240410109489408	0.153289039133624	0.168543366742652	0.252094950981534	0.250398330621091	0.762194353574717	0.73289409570924	0.673310722900431
Unclassified Rhizobiales Order	0.240633175692275	0.157487039343669	0.804031492881111	0.218676524128106	-0.0381176558670431	0.762194353574717	0.73289409570924	0.958975061821741
Unclassified Betaproteobacteria Class	0.242414006455223	0.233036241156265	0.126010744452461	0.218929753688493	0.291506572645737	0.762194353574717	0.73289409570924	0.62264817055459
Unclassified Bacteroides Genus	0.24296702146053	0.226274961723732	0.121679186513866	0.418108032623947	0.573510331067901	0.762194353574717	0.73289409570924	0.62264817055459
Unclassified Morganellaceae Family	0.243572964841433	0.101068842144493	0.441491884614478	0.535026655916815	0.248321157423598	0.762194353574717	0.73289409570924	0.825319523075228
Sulfuriflexus mobilis	0.244403341833464	0.23501151415833	0.125549797078825	-0.0595367934625757	-0.080644918027813	0.762194353574717	0.73289409570924	0.62264817055459
Lachnospiraceae bacterium oral taxon 500	0.246160517375251	0.182824303743748	0.145952944067265	-0.243976394573843	-0.279858714788735	0.762194353574717	0.73289409570924	0.636632841741022
Leptotrichia wadei	0.246445934561416	0.402465060037031	0.103252913590588	0.116287259272708	0.249383314060314	0.762194353574717	0.817976032498714	0.591122930306117
Oxalobacter formigenes	0.246467904077234	0.403630094639104	0.103231861291477	0.188902543181415	0.406180257739239	0.762194353574717	0.817976032498714	0.591122930306117
Candidatus Izimaplasma sp. HR1	0.247983671037915	0.509285243523249	0.103176931924196	-0.203277604810524	-0.551567871161531	0.762194353574717	0.857772413208002	0.591122930306117
Acinetobacter johnsonii	0.254075431069659	0.109535881304698	0.371476181827107	-0.0783763287118009	-0.0432939655359977	0.762194353574717	0.73289409570924	0.779413953771543
Unclassified Fusobacterium Genus	0.255357866483501	0.125873106141895	0.244632447050614	0.684102667089161	0.529603104653098	0.762194353574717	0.73289409570924	0.717225004718623
Unclassified Opitutaceae Family	0.255512384104486	0.322591840880625	0.366676277015327	-0.0564779721767773	0.0519433037574101	0.762194353574717	0.768073229209815	0.779413953771543
Sterolibacterium denitrificans	0.256327568337785	0.18632105927206	0.668588348675349	0.0887666480057898	-0.0281871710546856	0.762194353574717	0.73289409570924	0.926657642547464
Unclassified Alphaproteobacteria Class	0.261040774145129	0.109765359916959	0.483276350155898	0.301866001812128	0.129913444332879	0.762194353574717	0.73289409570924	0.838337600865433
Streptococcus marmotae	0.261344019236909	0.144753049474742	0.950991560811272	0.256257218015042	-0.0106022943566768	0.762194353574717	0.73289409570924	0.980977781197213
Unclassified Bacillaceae Family	0.261566883265106	0.445784636441683	0.284922563340974	-0.0959072391872951	0.140981582785998	0.762194353574717	0.843163751299658	0.745683051486663
Butyricimonas faecalis	0.265029132472127	0.536624780054009	0.111934633597436	0.301360126701415	0.852241806105125	0.762194353574717	0.875609722505004	0.597815340095537
Megamonas funiformis	0.265090600504686	0.11177273307521	0.510047239722849	-0.0809026249733251	-0.0328000643237539	0.762194353574717	0.73289409570924	0.852560714573229
Unclassified Blautia Genus	0.266856037788366	0.160486113840502	0.198034180318254	-0.24701978474126	-0.232321158222755	0.762194353574717	0.73289409570924	0.701801666598142
[Eubacterium] sulci	0.268384029204919	0.286371393001432	0.458913025719006	-0.279715495578863	0.197922979961963	0.762194353574717	0.749474845683747	0.838337600865433
Brevefilum fermentans	0.27154795805375	0.252832460965196	0.55559880313826	0.183838401213059	-0.0965758738820235	0.762194353574717	0.73289409570924	0.880499141305617
Bremerella volcania	0.273927152525655	0.37587427485507	0.119383071831673	0.0530774528598335	0.102006321793908	0.762194353574717	0.808217924336254	0.62264817055459
Faecalibacterium prausnitzii	0.274523892128444	0.610964297349044	0.234274820703147	-0.0897314902359597	0.226224890532667	0.762194353574717	0.882386486000967	0.717225004718623
Unclassified Lachnospiraceae Family	0.274917978874598	0.906529185778382	0.137914936101865	-0.0168383147285423	-0.234999780761397	0.762194353574717	0.969540122944734	0.62264817055459
Unclassified Eubacterium Genus	0.276150076735405	0.199595232578916	0.672140715657205	0.273388326250667	-0.0882090693131577	0.762194353574717	0.73289409570924	0.926657642547464
Anaerotignum propionicum	0.277780275801925	0.125236551872548	0.751718413203348	0.594449549296415	0.118875842398643	0.762194353574717	0.73289409570924	0.940419845367478
Asticcacaulis excentricus	0.277918028486851	0.134644092031946	0.278367278453412	-0.167778024427481	-0.123417173750481	0.762194353574717	0.73289409570924	0.745683051486663
Unclassified Bacteroidales Order	0.281395797695653	0.697778663410459	0.124229183768929	0.0844396376093618	0.364181009492346	0.762442720061816	0.892352403707895	0.62264817055459
Bacillus cereus	0.282837858595602	0.710631692868933	0.199640292339465	0.0354876079881816	-0.131655598220889	0.762442720061816	0.894146470697724	0.701801666598142
Unclassified Eubacteriaceae Family	0.284472491099729	0.158495016862602	0.223644415338658	-0.301851127609672	-0.2683970733024	0.762442720061816	0.73289409570924	0.717225004718623
Unclassified Acholeplasma Genus	0.284867278093491	0.160030679230009	0.900414747194451	-0.0987566012147373	0.00844257675896118	0.762442720061816	0.73289409570924	0.974966805479558
Unclassified Sphingomonadaceae Family	0.287003111798349	0.142981973340002	0.888374715252423	0.300138086196689	0.0283489134900062	0.762442720061816	0.73289409570924	0.974966805479558
Desulfosporosinus meridiei	0.288438090109938	0.126122331454035	0.61398362733277	-0.175939276926996	-0.0574010259255656	0.762442720061816	0.73289409570924	0.900815483644772
Bacteroides sp. A1C1	0.289661644739642	0.807439592589119	0.135848478627302	0.0485459831745619	0.325897386684361	0.762442720061816	0.935614408725386	0.62264817055459
Caproiciproducens sp. NJN-50	0.292006014810806	0.685455598560247	0.129343718159024	-0.082554516786463	-0.33725615991065	0.764221455904852	0.891871204944867	0.62264817055459
Intestinibaculum porci	0.296322190843998	0.190682289368506	0.209814679038058	-0.0786020588096724	-0.0757092038914132	0.77111115571904	0.73289409570924	0.717225004718623
Unclassified Chroococcales Order	0.298606834706314	0.759208975563006	0.139299046944224	-0.0405635022829222	-0.216294916026518	0.772666272855887	0.915046607389097	0.62264817055459
Aquicella siphonis	0.30481015628012	0.175275651454042	0.9489747795867	-0.155015374590242	0.00729178510612687	0.775117358793739	0.73289409570924	0.980977781197213
Clostridium drakei	0.306178409928424	0.39922106457962	0.382651175607958	-0.0433943305211124	0.0466755991492565	0.775117358793739	0.817976032498714	0.779413953771543
Unclassified Acidithiobacillus Genus	0.310759083117443	0.474003278816495	0.136893662581006	-0.0634817857935037	-0.141772078719685	0.775117358793739	0.84665722008884	0.62264817055459
Fusobacterium varium	0.311307267786033	0.463758454362289	0.136796539298898	0.442598552499729	0.980216638013065	0.775117358793739	0.84665722008884	0.62264817055459
Halobacteriovorax sp. BALOs_7	0.313671962598662	0.86346504408721	0.189910333666549	-0.02614200475154	0.215666732224462	0.775117358793739	0.959871335417335	0.690308990629203
Romboutsia hominis	0.31496139339491	0.634428055046618	0.240776406937655	-0.0163123532607922	0.0418392846352324	0.775117358793739	0.882386486000967	0.717225004718623
Alistipes communis	0.315269821921876	0.162962945946931	0.969187956667506	0.524673199635163	0.014100326068912	0.775117358793739	0.73289409570924	0.982053283525924
Cardiobacterium hominis	0.315560659873511	0.337654995337836	0.149084524487579	0.0530774528686596	0.0861617707175434	0.775117358793739	0.778217694377782	0.638137497339356
Unclassified Rhodothermaceae Family	0.316704555554831	0.139667127523196	0.461634776803296	-0.260997497675386	-0.130227524536013	0.775117358793739	0.73289409570924	0.838337600865433
Odoribacter splanchnicus	0.317013613207715	0.512920985632094	0.318639947236877	0.267758681471081	-0.432245470672973	0.775117358793739	0.857772413208002	0.760089040804633
Bacillus amyloliquefaciens	0.318550967931084	0.22906737372798	0.697998669049229	-0.262799732790477	0.0841225175023842	0.775117358793739	0.73289409570924	0.934421533765213
Unclassified Fusobacteriaceae Family	0.31986284020091	0.148196136803312	0.399427731296481	0.160493915328843	0.0910552501510837	0.775117358793739	0.73289409570924	0.788525435059433
Pseudolabrys sp. FHR47	0.323636296748538	0.20144582925768	0.235179883315125	0.0981686310040872	0.0919055168522618	0.780133810057002	0.73289409570924	0.717225004718623
Desulfofarcimen acetoxidans	0.329502718614539	0.661375982834208	0.264012250512801	-0.0463942718851069	0.127221432733138	0.785737942991628	0.885702339584993	0.743079530007937
Enterococcus faecalis	0.332644013025059	0.313048643608515	0.169062736099453	-0.152433939957089	-0.220664310575435	0.785737942991628	0.768073229209815	0.673310722900431
Adlercreutzia equolifaciens	0.332893793205733	0.963614823544518	0.186677315222018	0.012772308522289	-0.402234193075716	0.785737942991628	0.988150761624089	0.68950169654584
Mycoplasma neurolyticum	0.334297603270292	0.618142650939071	0.271629319252129	0.137681990123975	-0.320862316242986	0.785737942991628	0.882386486000967	0.745683051486663
Lachnospiraceae bacterium KM106-2	0.33453908053137	0.38016174862174	0.155815075383058	-0.220600179408194	-0.385694988664458	0.785737942991628	0.81325885181641	0.648757313867643
Lachnoclostridium phocaeense	0.34228602448519	0.323945185842297	0.172613031946771	-0.245765657672709	-0.362276590172236	0.796644243545469	0.768073229209815	0.675698877193345
Sedimenticola thiotaurini	0.342661388599252	0.488211065185502	0.368738026377023	0.111946891011626	-0.153132137403606	0.796644243545469	0.853437663568549	0.779413953771543
Rothia dentocariosa	0.349024987422436	0.58099418479095	0.157238198413513	-0.0947723849553358	-0.265499401372464	0.805430282195401	0.881110386206143	0.648784638499
Burkholderia pseudomallei	0.3499576990325	0.202494098698554	0.929758266702033	-0.145799856750785	0.0100244339186035	0.805430282195401	0.73289409570924	0.980977781197213
Candidatus Annandia adelgestsuga	0.353049726688701	0.365209858859838	0.175455207857947	-0.0350464232805463	-0.0547978295380104	0.807494913026169	0.792730404539364	0.676066259622365
Streptococcus respiraculi	0.35523546026676	0.190748592812935	0.295080130763103	0.503897750153006	0.414456269464813	0.807494913026169	0.73289409570924	0.751979130422819
Selenomonas sp. oral taxon 920	0.356144044609795	0.166693461477922	0.411284530640461	0.146197188369308	0.0878057362746276	0.807494913026169	0.73289409570924	0.800989813076742
Unclassified Nautilia Genus	0.363188980842318	0.913529889585716	0.185273331358392	0.0130063719516236	0.170658975356726	0.80784741410755	0.969540122944734	0.68950169654584
Desulfovibrio piger	0.364175147684364	0.65942937320671	0.27995024181645	0.151880261070237	-0.392375373059825	0.80784741410755	0.88568519920432	0.745683051486663
Vibrio cholerae	0.364214786984961	0.801389847705782	0.178611391734293	0.0288227547156719	0.168799056554461	0.80784741410755	0.935247254971817	0.676066259622365
Bacillus megaterium	0.367650757167558	0.484770446031464	0.168629651393053	-0.0566673148728828	-0.121221950166737	0.80784741410755	0.850674130122032	0.673310722900431
Pantoea eucalypti	0.368137477270685	0.791769888188978	0.245424753654512	-0.0320563552497738	0.151311255595382	0.80784741410755	0.935012318270246	0.717225004718623
Turicibacter sp. H121	0.371137551701355	0.169832570475671	0.52361257265371	-0.45961811743062	-0.21403265956711	0.80784741410755	0.73289409570924	0.859192691142068
Hymenobacter sp. DG01	0.371191105787873	0.174118212059125	0.746557324585632	-0.0426555941080251	-0.00980146747206749	0.80784741410755	0.73289409570924	0.940419845367478
Ruminiclostridium cellulolyticum	0.37211181891865	0.440008982265589	0.43342579779715	0.101899588937461	-0.107382660154286	0.80784741410755	0.843163751299658	0.816909528358415
Geobacillus sp. JS12	0.372174245363959	0.673158924751796	0.277389100577961	0.0554294918936965	-0.148847830716468	0.80784741410755	0.891060079584748	0.745683051486663
Unclassified Rikenellaceae Family	0.38036654882838	0.189510016692434	0.386303561753714	0.450311515297879	0.29897180552862	0.808398126576072	0.73289409570924	0.779413953771543
Unclassified Verrucomicrobiales Order	0.383242778889283	0.281956041749624	0.227166057891991	0.281048163886834	0.33056143656043	0.808398126576072	0.74524967386157	0.717225004718623
Unclassified Paenibacillaceae Family	0.384474281211225	0.953454512816376	0.225053612045553	0.00516205190563591	-0.116600872442637	0.808398126576072	0.988150761624089	0.717225004718623
Unclassified Veillonellaceae Family	0.388741025189944	0.559788015867256	0.370575568991919	0.0536392057861184	-0.0871855239614473	0.808398126576072	0.881110386206143	0.779413953771543
Unclassified Streptococcus Genus	0.389082093485964	0.191829192740632	0.397843804863754	0.514541603202756	0.338165678272489	0.808398126576072	0.73289409570924	0.788525435059433
Rhodovulum sp. P5	0.389981065750913	0.50768698611804	0.38800519969413	0.0371008108401978	-0.0501322464131799	0.808398126576072	0.857772413208002	0.779413953771543
Unclassified Micrococcales Order	0.390942439609375	0.194508209027404	0.818196156372677	0.324435461518123	0.0574035993475529	0.808398126576072	0.73289409570924	0.959586099951611
Ruminococcus bicirculans	0.391551563362058	0.191960778273773	0.427080254783166	0.514498970009517	0.310757746634921	0.808398126576072	0.73289409570924	0.81069253000154
Lysobacter soli	0.391615711731689	0.221857849340855	0.966413378238714	-0.0755136261897458	0.00258899785650601	0.808398126576072	0.73289409570924	0.982053283525924
Rothia mucilaginosa	0.392575612983394	0.350570766965578	0.581351215849682	0.216162435643467	-0.130582486640226	0.808398126576072	0.784252190470558	0.890497849027273
Unclassified Deltaproteobacteria Class	0.395264728471295	0.707120260012035	0.302506776106723	0.0346304036745082	-0.101828591445381	0.808398126576072	0.892352403707895	0.751979130422819
Streptobacillus moniliformis	0.396219571893715	0.849636635263245	0.202265982513002	0.0370841638578806	0.272045121926559	0.808398126576072	0.951426843399917	0.701801666598142
Lachnospiraceae bacterium	0.398160048764827	0.402779491264192	0.197734221304178	-0.212926320259115	-0.350045100689862	0.808398126576072	0.817976032498714	0.701801666598142
Lactobacillus amylophilus	0.399962368995393	0.393925898073708	0.201480269422854	-0.179763079539952	-0.286360856760607	0.808398126576072	0.817976032498714	0.701801666598142
Candidatus Azobacteroides pseudotrichonymphae	0.403052596773016	0.193971059930136	0.721563021068213	-0.187821369616507	-0.0516676102150053	0.808398126576072	0.73289409570924	0.938851885367164
Unclassified Stenotrophomonas Genus	0.403344566790597	0.195303188592566	0.734185496517447	0.181868443971348	0.0478536806390776	0.808398126576072	0.73289409570924	0.940419845367478
Bacteroides zoogleoformans	0.407225806665723	0.195618681467394	0.457575735620538	0.236422856892532	0.13776064924632	0.808398126576072	0.73289409570924	0.838337600865433
Akkermansia glycaniphila	0.411741870944848	0.214416157463631	0.383977119101441	0.273263581167317	0.193491689767693	0.808398126576072	0.73289409570924	0.779413953771543
Aquaspirillum sp. LM1	0.411762723296702	0.270595162305296	0.841714174910201	-0.130313511436486	0.0239523959657613	0.808398126576072	0.74524967386157	0.959586099951611
Glutamicibacter halophytocola	0.412005234747713	0.964417883069799	0.239949205544785	-0.00393248595290391	0.112145831574531	0.808398126576072	0.988150761624089	0.717225004718623
Tolumonas auensis	0.413866550758321	0.245329409155258	0.304565110880855	0.360386786471055	0.328888558242045	0.808398126576072	0.73289409570924	0.751979130422819
Unclassified Bacillus Genus	0.415590868361686	0.220897620356005	0.912933775663127	0.295017634577817	0.0264269584225332	0.808398126576072	0.73289409570924	0.974966805479558
Lactobacillus fermentum	0.415605149933511	0.707257472807786	0.198736717839557	-0.0362977761592928	-0.133163575042603	0.808398126576072	0.892352403707895	0.701801666598142
Paenibacillus mucilaginosus	0.422863105137509	0.21007453569333	0.795275782440613	-0.460832200084981	-0.0951163814319336	0.808398126576072	0.73289409570924	0.95600080933806
Schaalia odontolytica	0.43287535260985	0.207250347520678	0.581284601671144	-0.207409566653472	-0.0893445729801391	0.808398126576072	0.73289409570924	0.890497849027273
Staphylococcus cohnii	0.434093500157018	0.221223909363698	0.416234881031145	0.449628141818534	0.305310361285696	0.808398126576072	0.73289409570924	0.800989813076742
Butyrivibrio proteoclasticus	0.435386884015645	0.283129788759636	0.296543093263177	0.161976441040958	0.161265592217182	0.808398126576072	0.74524967386157	0.751979130422819
Bacteroides dorei	0.43637021148026	0.99569918253191	0.241564753513409	0.00199207518228232	0.458915434050712	0.808398126576072	0.999999493371973	0.717225004718623
Unclassified Lachnoclostridium Genus	0.44057276397822	0.843487937538399	0.283137879191912	0.0338217849436474	-0.195693921717324	0.808398126576072	0.949182986222572	0.745683051486663
Flavonifractor plautii	0.441954985470106	0.422623137050623	0.546788414261944	-0.178939052977526	0.138143560348723	0.808398126576072	0.82563731996144	0.872575239484217
Bradymonas sediminis	0.442714808303613	0.213264533023635	0.622548959434631	-0.0560454487544792	-0.0223937683360787	0.808398126576072	0.73289409570924	0.900815483644772
Candidatus Kuenenia stuttgartiensis	0.442714808303613	0.213264533023635	0.622548959434631	-0.0560454487544792	-0.0223937683360787	0.808398126576072	0.73289409570924	0.900815483644772
Unclassified Dialister Genus	0.443271668721795	0.500904645711628	0.218764453663373	0.188052874613157	0.362623690063331	0.808398126576072	0.857772413208002	0.717225004718623
Unclassified Ruminococcaceae Family	0.443739802389835	0.671768291534216	0.354090990457428	-0.113282172677663	0.262389839924649	0.808398126576072	0.891060079584748	0.777728671064011
Peptostreptococcaceae bacterium oral taxon 929	0.448367419748801	0.801098172344847	0.311195811504803	0.0267874107213183	-0.115501786028391	0.808398126576072	0.935247254971817	0.75812596632553
Unclassified Clostridia Class	0.448415347212768	0.247699921591922	0.384608547481643	-0.178925812902264	-0.135130545013693	0.808398126576072	0.73289409570924	0.779413953771543
Unclassified Dictyoglomus Genus	0.449866923547099	0.480914942823919	0.507575211545198	0.0476736671579573	-0.0468012212596326	0.808398126576072	0.850421018584382	0.851536435486083
Pseudothermotoga thermarum	0.450253407503889	0.396120613553157	0.580623250270342	0.11806418597861	-0.0771875654411	0.808398126576072	0.817976032498714	0.890497849027273
Flavisolibacter ginsenosidimutans	0.450440214044078	0.435532600151568	0.229734615671822	-0.0820523942489974	-0.13512984716198	0.808398126576072	0.838125759955539	0.717225004718623
Filimonas lacunae	0.451890217961128	0.484772812143778	0.223893704030528	-0.0476358550266459	-0.0890332906380262	0.808398126576072	0.850674130122032	0.717225004718623
Unclassified Methylibium Genus	0.451958194424536	0.300402517718359	0.838914647830348	0.166701952945884	-0.0332741974335776	0.808398126576072	0.753966231921059	0.959586099951611
Unclassified Caulobacter Genus	0.452297331869674	0.461501197571343	0.532468115807771	0.18771772480828	-0.165759317698587	0.808398126576072	0.84665722008884	0.859192691142068
Unclassified Bradyrhizobiaceae Family	0.453618652886136	0.312805226684448	0.281579422993262	0.199076003495835	0.222936563780407	0.808398126576072	0.768073229209815	0.745683051486663
Unclassified Prevotella Genus	0.454083689564749	0.223151417707817	0.532774507171064	0.502383636883531	0.257730872744572	0.808398126576072	0.73289409570924	0.859192691142068
Unclassified Gammaproteobacteria Class	0.456498060733136	0.578931129503423	0.421054077196187	0.178712145846879	-0.271983352000927	0.808398126576072	0.881110386206143	0.806873503580977
Collinsella aerofaciens	0.460425845319834	0.553632900543583	0.453363749279785	-0.302376226144407	0.402543394538481	0.808398126576072	0.881110386206143	0.838337600865433
Heliorestis convoluta	0.464942145770995	0.757613269788419	0.338435418093142	-0.0835825041223594	0.276525882756534	0.808398126576072	0.915046607389097	0.777728671064011
Streptococcus troglodytae	0.466088772378024	0.954072871167468	0.27607538770178	0.0109821098450317	-0.222542378685645	0.808398126576072	0.988150761624089	0.745683051486663
Actinomyces hongkongensis	0.466292579935727	0.880896028673555	0.24410567392436	-0.0065425152409822	-0.0538876495317453	0.808398126576072	0.962888737786368	0.717225004718623
Pseudomonas mendocina	0.466559213266314	0.520873075276805	0.231081304459594	-0.0412189359844148	-0.0826163716225251	0.808398126576072	0.862665091463487	0.717225004718623
Streptococcus ferus	0.467157556709907	0.515038021031005	0.231951861348885	-0.0425893609935295	-0.0839867969179939	0.808398126576072	0.857772413208002	0.717225004718623
Filifactor alocis	0.467812190540735	0.789727836651622	0.239351054139882	-0.0291539022698762	-0.139271811250833	0.808398126576072	0.935012318270246	0.717225004718623
Unclassified Erysipelothrix Genus	0.469922078522584	0.333505653667061	0.786202041312619	0.077779438395719	-0.0222982361962836	0.808398126576072	0.775358321723421	0.95600080933806
Lachnoclostridium phytofermentans	0.469980422589247	0.26374942767908	0.379181626205431	-0.198325749119331	-0.160693409295669	0.808398126576072	0.738890025935422	0.779413953771543
Unclassified Exiguobacterium Genus	0.475345073660871	0.236063446272631	0.684984874402933	-0.0742090842149395	-0.0257162447467654	0.808398126576072	0.73289409570924	0.930382920605322
Unclassified Actinomycetaceae Family	0.476285230023633	0.243632550902373	0.778831733550228	-0.0880152118870683	-0.0214355277677761	0.808398126576072	0.73289409570924	0.953432365010958
[Ruminococcus] gnavus	0.476934031403531	0.282298813888214	0.36067053421903	-0.402910770132668	-0.352231148469064	0.808398126576072	0.74524967386157	0.779413953771543
Anoxybacillus flavithermus	0.477028085832311	0.242424463081975	0.760872759832056	-0.0658231613531878	-0.0173303218925207	0.808398126576072	0.73289409570924	0.946904974862075
Mobiluncus curtisii	0.479656009640262	0.2507501645597	0.870702316333545	0.0485036791495518	0.00674699383776922	0.808398126576072	0.73289409570924	0.973217343020533
Unclassified Pseudomonas Genus	0.481998498558498	0.475089313455965	0.248007753963231	0.200669175156002	0.346427930545773	0.808398126576072	0.84665722008884	0.717225004718623
Morganella morganii	0.482740801726092	0.566354486231847	0.240958921940943	-0.049657317434988	-0.107616972421218	0.808398126576072	0.881110386206143	0.717225004718623
Unclassified Spiroplasma Genus	0.484512767173485	0.243971954451243	0.75148570769648	0.216854809145265	0.0586189328390735	0.808398126576072	0.73289409570924	0.940419845367478
Sphingobacterium sp. ML3W	0.484626153911444	0.241719474884264	0.595435871767716	-0.0508967309347549	-0.0224688630657779	0.808398126576072	0.73289409570924	0.900031779767703
Pontibacter sp. SGAir0037	0.485767773149917	0.606403596397117	0.241289586136949	0.0564296676762632	0.136862373936909	0.808398126576072	0.882386486000967	0.717225004718623
Mageeibacillus indolicus	0.489678849888939	0.937054475625059	0.301582829013316	-0.00991100245437741	0.139408614149113	0.808398126576072	0.984623675786275	0.751979130422819
Blautia sp. N6H1-15	0.492694978709633	0.553317650223327	0.249206710479387	-0.214357529408584	-0.439409088917932	0.808398126576072	0.881110386206143	0.717225004718623
Pseudobutyrivibrio xylanivorans	0.493599504783832	0.642251817282258	0.414991578126185	0.122957046033929	-0.226454831527417	0.808398126576072	0.882386486000967	0.800989813076742
Dehalobacterium formicoaceticum	0.496489760740209	0.600407158391351	0.248412100021532	-0.0357954568129606	-0.0848251200344323	0.808398126576072	0.882386486000967	0.717225004718623
Ethanoligenens harbinense	0.496608601192597	0.387683389074475	0.284597918281203	0.0804230999563413	0.105293107546187	0.808398126576072	0.817976032498714	0.745683051486663
Bacteroides fragilis	0.497858027249934	0.262751492888735	0.486894763821409	-0.290412528811268	-0.180035456212997	0.808398126576072	0.738890025935422	0.838337600865433
Tannerella sp. oral taxon HOT-286	0.499156257167113	0.588749992178123	0.250558953613493	0.0491300630242045	0.112128343333717	0.808398126576072	0.882386486000967	0.717225004718623
Alistipes megaguti	0.507077111602855	0.384167770173509	0.297557040444744	0.141861006738239	0.179074502781593	0.808398126576072	0.814577957127162	0.751979130422819
Bartonella apis	0.507183913696302	0.321803055946852	0.910861776232173	-0.0816156964147502	0.00940242426076924	0.808398126576072	0.768073229209815	0.974966805479558
Desulfococcus oleovorans	0.507504423434808	0.256260753293891	0.615143618641711	-0.07971509611634	-0.0354603560005942	0.808398126576072	0.733546406303764	0.900815483644772
Megasphaera stantonii	0.508424889107392	0.344140727073467	0.843645937444454	-0.0871855239619559	0.0185875439525504	0.808398126576072	0.784161457709691	0.959586099951611
Caloramator sp. E03	0.509807777522031	0.328695093722978	0.35335683206696	0.411911862350147	0.402739102984481	0.808398126576072	0.768073229209815	0.777728671064011
Bifidobacterium bifidum	0.510332717726533	0.730566633827455	0.261683347460218	-0.106932991919682	-0.375629374132787	0.808398126576072	0.906773762311584	0.743079530007937
Thiomonas intermedia	0.513124153710462	0.416873411465071	0.294339092144777	0.0564901340988466	0.0762347963941126	0.808398126576072	0.82563731996144	0.751979130422819
Unclassified Halomonas Genus	0.513759190448167	0.565292143349534	0.480281403589589	0.0416364536175327	-0.0524454610118211	0.808398126576072	0.881110386206143	0.838337600865433
Unclassified Paenibacillus Genus	0.514249483603982	0.293356596162883	0.949153021311372	0.0962199200489259	0.00593290479183593	0.808398126576072	0.749795375920131	0.980977781197213
Trueperella bialowiezensis	0.515397932227539	0.556958733904695	0.26445843535217	-0.0721626041148249	-0.146164470902178	0.808398126576072	0.881110386206143	0.743079530007937
Unclassified Peptococcaceae Family	0.519678059081818	0.267383285376463	0.766844871594752	-0.0534508385979211	-0.0139897391262348	0.810292943740027	0.742191180014667	0.946904974862075
Peptoniphilus harei	0.523557051101343	0.569912823922808	0.268932105936187	-0.0701911775558274	-0.146261817540392	0.810292943740027	0.881110386206143	0.745683051486663
Emcibacter sp. MEBiC09520	0.524275321379464	0.938138977850922	0.326960218547866	-0.0114762656942806	0.155444912585813	0.810292943740027	0.984623675786275	0.771895773685167
Clostridioides difficile	0.528915756911542	0.470954658771328	0.602284224160344	-0.13404729320881	0.098787252567102	0.810292943740027	0.84665722008884	0.900815483644772
Unclassified Photobacterium Genus	0.530951062552466	0.276423679183018	0.572282263783155	0.0815346348355557	0.0423773444339594	0.810292943740027	0.74524967386157	0.890497849027273
Unclassified Bacilli Class	0.531780827825763	0.613461118002985	0.273147934341582	0.184852122216645	0.429981922179312	0.810292943740027	0.882386486000967	0.745683051486663
Finegoldia magna	0.53258475371414	0.273455488376206	0.638094549228449	0.0982672383959072	0.043016549855534	0.810292943740027	0.74524967386157	0.913272823583218
Unclassified Schaalia Genus	0.533198693403238	0.273937619795413	0.691944611893721	-0.0343301469835276	-0.0121333037787842	0.810292943740027	0.74524967386157	0.930382920605322
Paeniclostridium sordellii	0.533488223084051	0.966861522430331	0.316271654198641	0.0110179853994995	-0.278410753115688	0.810292943740027	0.988443252841723	0.760089040804633
Unclassified Sulfurimonas Genus	0.535839986145915	0.296316513191143	0.882816875098899	-0.100505607069827	-0.0144178888138607	0.810292943740027	0.749795375920131	0.974966805479558
Acinetobacter haemolyticus	0.536067165836743	0.291854645241944	0.874236384636916	0.275264194188253	0.0415679925735121	0.810292943740027	0.749795375920131	0.973217343020533
Unclassified Prevotellaceae Family	0.541193928030863	0.352682650551123	0.885924751187436	0.277883028294277	-0.0437336521770946	0.810719101121912	0.784252190470558	0.974966805479558
Chromatiaceae bacterium No.7	0.543283214368084	0.428808257908609	0.323566081103486	-0.0339333996297909	-0.0435361382922459	0.810719101121912	0.828667435114528	0.767840752048686
Unclassified Lactococcus Genus	0.543460068082403	0.467107913287682	0.30562659359202	0.231975044085454	0.342315812336236	0.810719101121912	0.84665722008884	0.751979130422819
Bacteroides caccae	0.545687440211621	0.823081801462387	0.292052357717305	-0.115446441785714	-0.578513733019934	0.810719101121912	0.942066842369081	0.751979130422819
Desulfosporosinus acidiphilus	0.54630265728168	0.290033636226273	0.535000119572483	0.113209152225998	0.068090353583017	0.810719101121912	0.749795375920131	0.85975457811999
Petrocella atlantisensis	0.546969873901028	0.659069319363646	0.283949339728676	0.0741350679422021	0.189349794120803	0.810719101121912	0.88568519920432	0.745683051486663
Catenovulum sp. CCB-QB4	0.556375218594368	0.858031866503826	0.306742616597692	-0.0162847693851831	-0.0998503646784404	0.821999516503938	0.956152298926405	0.751979130422819
Gordonibacter urolithinfaciens	0.560580355583332	0.91178490131992	0.35488942942715	0.0203365852152908	-0.179296540889285	0.82401434836023	0.969540122944734	0.777728671064011
Thalassolituus oleivorans	0.561337285345834	0.323233252950046	0.476397922756353	-0.219032505555563	-0.158238135716409	0.82401434836023	0.768073229209815	0.838337600865433
Pajaroellobacter abortibovis	0.564181533394745	0.315445277296872	0.87547062297917	0.115322186015447	0.0183478429838743	0.825543585606368	0.768073229209815	0.973217343020533
Unclassified Sphingomonadales Order	0.569942341220936	0.301257249872388	0.685688533310803	0.0945819866306333	0.0378146644676642	0.826303610754824	0.753966231921059	0.930382920605322
Unclassified Oxalobacteraceae Family	0.572638907273279	0.452136010068936	0.728553863288888	0.129001237684847	-0.0615526521824013	0.826303610754824	0.84665722008884	0.940419845367478
Christensenella minuta	0.573079066929565	0.338595911349615	0.962385022558128	-0.220942728203309	-0.0111178200098813	0.826303610754824	0.778217694377782	0.982053283525924
Desulfovibrio desulfuricans	0.573265863596273	0.418923228294008	0.353514725758781	0.196321995385619	0.23696742643515	0.826303610754824	0.82563731996144	0.777728671064011
Caldithrix abyssi	0.573721721004441	0.304736032215945	0.743892430811617	-0.219379466066643	-0.0689907178980085	0.826303610754824	0.758527732363601	0.940419845367478
Shigella flexneri	0.586419085735944	0.317195254847466	0.612578143920418	0.0594643559350151	0.0301622062310877	0.84194338955192	0.768073229209815	0.900815483644772
Unclassified Lactobacillus Genus	0.588817149459	0.594487352677055	0.318468846197045	-0.250596304425632	-0.500295063755539	0.842744545163194	0.882386486000967	0.760089040804633
Bacteroides coprosuis	0.591355415209761	0.324156032689213	0.792534167315615	0.0617895128743159	0.0168346440204647	0.843740748180905	0.768073229209815	0.95600080933806
Synechococcus sp. JA-3-3Ab	0.596078576159323	0.945291187454021	0.38083483914235	0.00520098492777178	-0.0708696550744089	0.847838471680031	0.984623675786275	0.779413953771543
Caloranaerobacter azorensis	0.600242136058327	0.633184059160177	0.543563566445282	-0.047433077501397	0.063245466897531	0.850249845929856	0.882386486000967	0.87046193507671
Unclassified Dysgonomonas Genus	0.601695997732316	0.963683252310943	0.376584041925249	-0.00843481198454825	0.174088618086188	0.850249845929856	0.988150761624089	0.779413953771543
Unclassified Sporosarcina Genus	0.605505664342282	0.628725905904543	0.532555967266444	0.0637931117349826	-0.0840467307245194	0.850249845929856	0.882386486000967	0.859192691142068
Enterobacter ludwigii	0.605744341006182	0.425437570984497	0.833299834323982	0.0684605135788913	-0.018525537358365	0.850249845929856	0.82563731996144	0.959586099951611
Niabella ginsenosidivorans	0.609483142677043	0.621142790217175	0.568718191986292	0.0638627190254896	-0.0771829461981446	0.850249845929856	0.882386486000967	0.890497849027273
Lactobacillus jensenii	0.611067409539868	0.717532018915271	0.333167470940876	-0.0261030386921392	-0.0739326392103271	0.850249845929856	0.895448677556387	0.777728671064011
Streptococcus urinalis	0.612243781094665	0.347192312826569	0.850108107939122	0.159518639535921	0.0327996530720618	0.850249845929856	0.784252190470558	0.959586099951611
Fusobacterium necrophorum	0.612625434840289	0.364186025013696	0.941350070885503	0.0754354609162005	0.00626077036676822	0.850249845929856	0.792730404539364	0.980977781197213
Allochromatium vinosum	0.615210776330301	0.689925950153064	0.336261263807477	0.0236187685490977	0.0606285569920319	0.851101897021616	0.892352403707895	0.777728671064011
Unclassified Bacillales Order	0.618522121642263	0.647340304140448	0.339693432106468	-0.0951140800983845	-0.211480431828092	0.851101897021616	0.882386486000967	0.777728671064011
Unclassified Burkholderiaceae Family	0.618814261371611	0.839904396121352	0.350782997417704	0.0294688729347335	0.145482956396309	0.851101897021616	0.949182986222572	0.777728671064011
Fusobacterium mortiferum	0.623797129273825	0.462916966085136	0.799902870436318	0.175529958200965	-0.0626063470770796	0.854489676625298	0.84665722008884	0.956541813733247
Megasphaera elsdenii	0.626160000884075	0.664547746553994	0.345489828689828	-0.172466116216124	-0.399693503486964	0.854489676625298	0.88735530006335	0.777728671064011
Unclassified Eggerthellaceae Family	0.628129190901356	0.672304127135801	0.530197125338667	0.0530433018021764	-0.0813628485265702	0.854489676625298	0.891060079584748	0.859192691142068
Coprothermobacter proteolyticus	0.629480355326183	0.79542111933943	0.470641438564689	-0.0282568687480155	0.0832087425127406	0.854489676625298	0.935012318270246	0.838337600865433
Anaerobutyricum hallii	0.632319110800477	0.389958180262316	0.999640105008156	-0.378825699723238	0.000202260157344928	0.854489676625298	0.817976032498714	0.999997575745282
Bernardetia litoralis	0.632471616541432	0.425203531905519	0.904661882326351	-0.125371078725269	0.0193757975868229	0.854489676625298	0.82563731996144	0.974966805479558
Parachlamydia acanthamoebae	0.634411746739317	0.352742251609028	0.682065613399484	0.21114099519266	0.0936481310641371	0.854589941195904	0.784252190470558	0.930382920605322
Mycoplasma iowae	0.637354852818267	0.356991878152435	0.649425368350188	-0.120657415275098	-0.0603864009312579	0.855636010565408	0.789866087892828	0.920311386048598
Weissella paramesenteroides	0.639218237246616	0.781905608429549	0.483136323248642	0.0440220091745513	-0.11750697807459	0.855636010565408	0.935012318270246	0.838337600865433
Unclassified Comamonadaceae Family	0.641903857446028	0.35884668606759	0.735951773210584	0.138518451829359	0.0519812387835408	0.855636010565408	0.790152799129597	0.940419845367478
Unclassified Bifidobacteriaceae Family	0.642886612137585	0.754127382079904	0.507164248473647	0.0599563519172641	-0.133979475706049	0.855636010565408	0.915046607389097	0.851536435486083
Unclassified Bacteroidia Class	0.644999940674237	0.362420781109066	0.766616066214309	0.204198622169257	0.0675294850954164	0.855636010565408	0.792730404539364	0.946904974862075
Ahniella affigens	0.646397510165134	0.810872404558931	0.368507114867418	0.0125622922044536	0.0502862492920064	0.855636010565408	0.935614408725386	0.779413953771543
Unclassified Bifidobacterium Genus	0.651782793303357	0.833627920074802	0.376115286960895	-0.0921019044051089	-0.413814172262887	0.856040634665935	0.945660425616999	0.779413953771543
Lachnospiraceae bacterium KGMB03038	0.652755692318009	0.575128417314044	0.37997263220667	-0.223884051835104	-0.370984883855655	0.856040634665935	0.881110386206143	0.779413953771543
Lachnospira eligens	0.653462455937365	0.418353820019667	0.479897196180097	0.512646707528577	0.466112165103006	0.856040634665935	0.82563731996144	0.838337600865433
Ruminococcaceae bacterium CPB6	0.654179524308029	0.467102210258016	0.428357188341425	-0.387024377677592	-0.441972615749592	0.856040634665935	0.84665722008884	0.81069253000154
Sutterella megalosphaeroides	0.661075458401871	0.470619522015397	0.841333858619084	0.360991888328269	-0.102572088694564	0.858440673546171	0.84665722008884	0.959586099951611
Selenomonas ruminantium	0.662659602701575	0.465723028663296	0.871729461141987	-0.165509470286219	0.0378095717262305	0.858440673546171	0.84665722008884	0.973217343020533
Lactobacillus delbrueckii	0.663857821887626	0.621911889320829	0.382492565383598	-0.147427649158565	-0.276797508046295	0.858440673546171	0.882386486000967	0.779413953771543
Actinomyces pacaensis	0.666271612811581	0.638636714710867	0.622675489487078	0.0804209508321334	-0.088177941896345	0.858440673546171	0.882386486000967	0.900815483644772
Unclassified Flammeovirga Genus	0.667275738492676	0.810851577655132	0.499535103582138	0.0394364516408239	-0.117581727545552	0.858440673546171	0.935614408725386	0.844232758083465
Unclassified Oscillospiraceae Family	0.668178871621224	0.60301877814869	0.650607361771951	-0.162239223321105	0.146397995751148	0.858440673546171	0.882386486000967	0.920311386048598
Kosmotoga pacifica	0.670827352011103	0.442557244361833	0.480716004560877	0.158182717082207	0.151548266980321	0.858440673546171	0.843163751299658	0.838337600865433
Alistipes dispar	0.672370459482369	0.398255694470351	0.881271194516672	0.221515779194872	0.0399487890737292	0.858440673546171	0.817976032498714	0.974966805479558
Lacrimispora sphenoides	0.672882536687938	0.543165105416334	0.747344625750322	-0.0569075606096388	0.0313133124387871	0.858440673546171	0.881110386206143	0.940419845367478
Unclassified Desulfosporosinus Genus	0.686060144906078	0.480437544533351	0.474033310453036	-0.106809540378164	-0.112177591864723	0.87282096213051	0.850421018584382	0.838337600865433
Atopobium parvulum	0.691242133679817	0.639759199337903	0.65104997615665	-0.0929068301760726	0.0937043600187395	0.875115590262649	0.882386486000967	0.920311386048598
Unclassified Proteobacteria Phylum	0.691685248198862	0.676230575549488	0.404673234213707	0.0560226036906335	0.117659681182817	0.875115590262649	0.891871204944867	0.79545210845441
Unclassified Bacteroidetes Phylum	0.709095328412436	0.447355440100037	0.563440689136365	0.230444536571489	0.182080308241481	0.894671240806876	0.843163751299658	0.886789813142458
Dysgonomonas sp. HDW5A	0.712376714033686	0.70479205972738	0.620852480442716	-0.0431745641487146	0.0591082342596009	0.896342129196231	0.892352403707895	0.900815483644772
Unclassified Campylobacter Genus	0.717386909892684	0.695053242451818	0.42790508282155	0.059707615461948	0.127866295581454	0.897802121437858	0.892352403707895	0.81069253000154
Lautropia mirabilis	0.717457590494008	0.986960341304902	0.471446687924099	-0.00103967804272551	0.0484524385632346	0.897802121437858	0.999999493371973	0.838337600865433
Unclassified Tannerella Genus	0.731925888091105	0.579946048581669	0.470209120956598	0.0594765962621013	0.0816183832496729	0.913411598762197	0.881110386206143	0.838337600865433
Candidatus Mikella endobia	0.736218711553774	0.553561048922625	0.490462060065378	0.0587430114542723	0.0717424265059457	0.913951056027054	0.881110386206143	0.839453198087699
Unclassified Acinetobacter Genus	0.736349213261971	0.580658819910016	0.480068766301122	0.102669654084777	0.136730718173353	0.913951056027054	0.881110386206143	0.838337600865433
Spirochaeta thermophila	0.740010650534485	0.628942228407093	0.714486514668059	0.0468430429490713	-0.0361282467688282	0.914457090077923	0.882386486000967	0.938851885367164
Defluviitoga tunisiensis	0.741636176278244	0.743404482859023	0.616332274147218	0.0309716268353285	-0.0493436025722441	0.914457090077923	0.915046607389097	0.900815483644772
Desulfovibrio alaskensis	0.744591688177871	0.638037790911699	0.710816155533089	0.0479831427227063	-0.0385366006731978	0.914457090077923	0.882386486000967	0.938851885367164
Clostridium baratii	0.744743437989225	0.504576671530421	0.55256959760174	-0.0982012277026294	-0.0911843425132837	0.914457090077923	0.857772413208002	0.878739151741656
Streptococcus pyogenes	0.747078100864695	0.457223057987281	0.719973635148372	0.185144498699809	0.0923394029344011	0.914871043304893	0.84665722008884	0.938851885367164
Unclassified Xanthomonadaceae Family	0.751328801421954	0.463849717325696	0.818554936743438	-0.0808398240469931	-0.0261433952956435	0.915216075336998	0.84665722008884	0.959586099951611
Clostridium botulinum	0.751356428660941	0.732945494408647	0.462330188952414	-0.0289036865749148	-0.0644656362888371	0.915216075336998	0.907267666051784	0.838337600865433
Euzebya sp. DY32-46	0.757559990051809	0.473486875075475	0.692708681062041	0.326991877115135	0.184203969898699	0.920324868551004	0.84665722008884	0.930382920605322
Desulfallas gibsoniae	0.768918967190638	0.506590034231461	0.973366932692888	-0.0774735646796675	-0.0039759169629473	0.928031795309947	0.857772413208002	0.984110497071397
Unclassified Lactobacillales Order	0.771542379054616	0.645944094399392	0.499301914429838	-0.126887546493244	-0.196055712633971	0.928031795309947	0.882386486000967	0.844232758083465
Roseimicrobium sp. ORNL1	0.771885796516414	0.976031747211207	0.523448048638054	-0.00491551285948608	0.108255428609609	0.928031795309947	0.991557603134879	0.859192691142068
Unclassified Thermaerobacter Genus	0.772198966664124	0.712927343041918	0.485870282954805	-0.0322896729339763	-0.0645520044383591	0.928031795309947	0.894577323597804	0.838337600865433
Streptococcus agalactiae	0.774035252856768	0.507980360775212	0.942266170199352	0.139767376404086	0.0158042440212547	0.928031795309947	0.857772413208002	0.980977781197213
Unclassified Thermotoga Genus	0.778711866097322	0.491307067019834	0.737411134779167	0.121528585423668	0.0613349852044121	0.931201134915336	0.854209596744897	0.940419845367478
Micavibrio aeruginosavorus	0.781986459901525	0.494247910780345	0.776966089864904	0.113019952461963	0.0470906831353487	0.932681767278381	0.854209596744897	0.953432365010958
Brucella melitensis	0.788943733169136	0.514846528414436	0.902123283907552	0.0578759841560726	0.0113072641051869	0.938535661796011	0.857772413208002	0.974966805479558
Unclassified Actinomyces Genus	0.791486257488187	0.533181654081565	0.966215347530489	0.105932471696938	0.00745440295414696	0.93912099981759	0.875258772650024	0.982053283525924
Guyparkeria halophila	0.798871996647055	0.571741080657723	0.948038403677043	-0.0709510143138917	0.008481323213653	0.943265317524969	0.881110386206143	0.980977781197213
Faecalitalea cylindroides	0.808801865918632	0.53721906555438	0.689223644330462	-0.353595139864985	-0.238295154558847	0.943265317524969	0.875609722505004	0.930382920605322
Unclassified Rhodocyclaceae Family	0.810588502650145	0.527813472949768	0.823609149887244	0.0854818431068071	0.031002851166222	0.943265317524969	0.869563203636668	0.959586099951611
Lactobacillus jinshani	0.81337712438281	0.901698577961999	0.604416620986444	0.0107209499140171	-0.0468963156229302	0.943265317524969	0.969540122944734	0.900815483644772
Bacteroides heparinolyticus	0.814725172848273	0.847823821269855	0.632306843601184	-0.0214105408697119	0.0550896715911093	0.943265317524969	0.951426843399917	0.907826126549662
Thiomonas sp. X19	0.817628182595471	0.997899966574299	0.571511604144791	0.000540249098882888	-0.121923269471045	0.943265317524969	0.999999493371973	0.890497849027273
Unclassified Peptostreptococcaceae Family	0.817928865685861	0.598024819102449	0.605006549758898	0.219462873270882	0.225092349888503	0.943265317524969	0.882386486000967	0.900815483644772
Unclassified Geobacter Genus	0.819201605088504	0.621906811478799	0.586302096220862	0.0546684847282855	0.0631800170382561	0.943265317524969	0.882386486000967	0.895087866897183
Geobacter sp. FeAm09	0.819369794465707	0.56441972347463	0.966026489351633	0.0787217219801488	0.00603250256199394	0.943265317524969	0.881110386206143	0.982053283525924
Lysobacter sp. HDW10	0.822457340260327	0.727831010609431	0.753567867357782	0.0314472393999178	-0.0296507570001574	0.943265317524969	0.905833159943259	0.940419845367478
Streptococcus mutans	0.822599722235311	0.558818277799866	0.942902690267138	0.183660894784466	0.0231077537252974	0.943265317524969	0.881110386206143	0.980977781197213
Unclassified Candidatus Blochmannia Genus	0.823025824588119	0.691784789564228	0.795200793325383	0.0511313975460451	-0.0349134472107814	0.943265317524969	0.892352403707895	0.95600080933806
Unclassified Muribaculum Genus	0.823500271901511	0.547572959786049	0.74866699622902	0.0713210366562205	0.0390201328231271	0.943265317524969	0.881110386206143	0.940419845367478
Streptococcus merionis	0.827661393902946	0.654448099455655	0.580937819427164	-0.0326897896849412	-0.0422791775043687	0.943265317524969	0.885404689575338	0.890497849027273
Ruminococcus champanellensis	0.827758843041745	0.907532401200006	0.625525214286724	0.0185053330670646	-0.0817954061392931	0.943265317524969	0.969540122944734	0.900913673406666
Streptococcus sp. Z15	0.829340667070729	0.751587874217966	0.74046089356035	-0.0453262521533281	0.0496165165720874	0.943265317524969	0.915046607389097	0.940419845367478
Aeromonas veronii	0.829991098171534	0.785741240131041	0.699796039479188	0.0307308423497576	-0.0450853192951159	0.943265317524969	0.935012318270246	0.934421533765213
Buchnera aphidicola	0.833251725882561	0.699881402017836	0.790050408871849	-0.0368239083689834	0.0261309739683284	0.944626956569834	0.892352403707895	0.95600080933806
Martelella endophytica	0.838949883375493	0.647306239700898	0.872943866384725	-0.0280688238360865	0.00993215832504004	0.94739106779266	0.882386486000967	0.973217343020533
Haliscomenobacter hydrossis	0.840487560017073	0.568889321428515	0.767034379200502	0.0739212177058871	0.0394122663596992	0.94739106779266	0.881110386206143	0.946904974862075
Oscillibacter valericigenes	0.841895555876883	0.567751729218339	0.832744955364142	-0.410485595162488	-0.15750764986	0.94739106779266	0.881110386206143	0.959586099951611
Unclassified Leptospira Genus	0.852856483942985	0.631716511451206	0.653853732198342	0.0793900051786527	0.0776177384673127	0.956217513918784	0.882386486000967	0.921430797990279
Anaerostipes hadrus	0.85691517683567	0.903345642999585	0.593755272388182	-0.0426672310596874	-0.195312715914999	0.956217513918784	0.969540122944734	0.900031779767703
Unclassified Alcaligenaceae Family	0.858095335552425	0.58944873789227	0.818122947843843	0.0654328264042129	0.028980277904693	0.956217513918784	0.882386486000967	0.959586099951611
Unclassified Burkholderiales Order	0.858510412265725	0.682279504552604	0.623490192828368	0.187598682793812	0.235735229680362	0.956217513918784	0.891871204944867	0.900815483644772
Photobacterium damselae	0.861398227256007	0.79049443409818	0.75190021698897	0.0210189954125347	-0.0260909749816681	0.956217513918784	0.935012318270246	0.940419845367478
Clostridium sp. JN500901	0.862266011459515	0.643024282773384	0.667387250357786	-0.0532341993070446	-0.0515085224997581	0.956217513918784	0.882386486000967	0.926657642547464
Unclassified Brevundimonas Genus	0.869984483181737	0.610935370649423	0.887387507489947	0.0390845191548224	0.01130726413328	0.961657111609712	0.882386486000967	0.974966805479558
Ichthyobacterium seriolicida	0.871370526895263	0.618033858401511	0.752368578489684	0.0792041285041392	0.052209905716172	0.961657111609712	0.882386486000967	0.940419845367478
Mycoavidus cysteinexigens	0.876602711830456	0.683848015543463	0.905652183197496	-0.0315413209817159	0.00932636112960382	0.965105870236415	0.891871204944867	0.974966805479558
Pseudomonas aeruginosa	0.883082627507099	0.635407378106591	0.928601722625306	0.105130342757955	0.0205096161727835	0.968335039793793	0.882386486000967	0.980977781197213
Peptococcaceae bacterium DCMF	0.883764293960274	0.655354126126724	0.989132855824272	-0.0429396162097996	-0.0013632891362143	0.968335039793793	0.885404689575338	0.993471157823501
Dehalobacter restrictus	0.889641787972084	0.7507923935858	0.656946482918833	0.0402767845703361	0.0578199437034301	0.969927117125271	0.915046607389097	0.921600222148006
Clostridium sp. SY8519	0.890819327448646	0.704779019340064	0.918242485707556	-0.105641419069612	0.0296517661719905	0.969927117125271	0.892352403707895	0.978035019660606
Sinimarinibacterium sp. NLF-5-8	0.891611106240927	0.989760474614007	0.669993200829423	-0.00123345191641347	0.0423797439727217	0.969927117125271	0.999999493371973	0.926657642547464
Unclassified Oenococcus Genus	0.893688304425468	0.896922958000447	0.726093335592659	0.0124105257282951	-0.0351955274066877	0.969927117125271	0.969540122944734	0.940419845367478
Unclassified Azospirillum Genus	0.901780317443448	0.916391556568485	0.71924114051265	0.00761664004773097	-0.0267926523254454	0.973811149070507	0.969540122944734	0.938851885367164
Prevotella intermedia	0.902110728243266	0.8578998573205	0.657998411882965	-0.0224110331883768	-0.0581965366692134	0.973811149070507	0.956152298926405	0.921600222148006
Unclassified Leptotrichia Genus	0.903645716932239	0.702035736788262	0.72116282289961	0.0216218004328416	0.0210849767005916	0.973811149070507	0.892352403707895	0.938851885367164
Tetragenococcus osmophilus	0.910282485194876	0.976402792606617	0.692289236830865	-0.00413110557665881	-0.0580399542410799	0.976602988800712	0.991557603134879	0.930382920605322
Unclassified Candidatus Cardinium Genus	0.91243187308116	0.841466237950091	0.678156836646154	-0.0157985627610118	-0.0335153947544275	0.976602988800712	0.949182986222572	0.929927638275265
Parvimonas micra	0.912633360713329	0.689935414050923	0.780648770478404	-0.0703776614358588	-0.0512675263110232	0.976602988800712	0.892352403707895	0.953432365010958
Bacillus atrophaeus	0.925742843211247	0.821672147589332	0.850637459782432	0.0197462348713232	-0.0172459792829746	0.98585928347343	0.942066842369081	0.959586099951611
Thermoclostridium stercorarium	0.927437342387835	0.939808313108753	0.712453244206993	0.013596049161778	0.0696384210962912	0.98585928347343	0.984623675786275	0.938851885367164
Barnesiella viscericola	0.927740941434603	0.827657767895482	0.710918987989643	0.11750395990233	0.20872591635632	0.98585928347343	0.942953377353559	0.938851885367164
Unclassified Mogibacterium Genus	0.940298092516475	0.737444521086606	0.947833050104813	-0.0775111319448242	-0.0155086970768627	0.991774100226995	0.910376255141955	0.980977781197213
Klebsiella variicola	0.941118370556599	0.87078730282832	0.838604017327359	-0.0130273330947538	0.0170669139997515	0.991774100226995	0.961013457097279	0.959586099951611
Bifidobacterium gallinarum	0.943089898052859	0.759119814501816	0.810249311591095	0.0384717147079987	0.0308933483320215	0.991774100226995	0.915046607389097	0.959586099951611
Bacteroides salanitronis	0.943106194344049	0.747603374592489	0.960648512634155	0.0777038098511794	0.0123754092365719	0.991774100226995	0.915046607389097	0.982053283525924
Verrucomicrobia bacterium IMCC26134	0.945803293843851	0.796189528658069	0.934689022993056	0.0336945770647268	-0.0110299976468521	0.991774100226995	0.935012318270246	0.980977781197213
Winogradskyella sp. PC-19	0.94633987422319	0.817429216274896	0.911017729560053	0.0237063286283083	-0.0119767907313246	0.991774100226995	0.940659751391715	0.974966805479558
Mariniblastus fucicola	0.948465187553327	0.775877630314994	0.813228587798274	-0.0193972289455712	-0.0162940207135776	0.991774100226995	0.931184368119115	0.959586099951611
Unclassified Acetobacterium Genus	0.958530611213445	0.776664691313323	0.913233099455743	0.0256276807163963	0.0102767025445821	0.993683715604011	0.931184368119115	0.974966805479558
Unclassified Thiomonas Genus	0.960854826787349	0.867041953405014	0.89712889511899	-0.0255069109948978	0.0205944992085162	0.993683715604011	0.961013457097279	0.974966805479558
Butyrivibrio fibrisolvens	0.96232792167553	0.945926675427863	0.833218706289022	0.00418190559894863	-0.0135703188617916	0.993683715604011	0.984623675786275	0.959586099951611
Vibrio mimicus	0.964012742352678	0.897881250139122	0.792295578127799	0.00864536078504852	0.0185774544249475	0.993683715604011	0.969540122944734	0.95600080933806
Unclassified Methylophilaceae Family	0.965308848338018	0.939990692377018	0.797369264930927	0.00643070807799185	0.0229735053265911	0.993683715604011	0.984623675786275	0.956008176278441
Unclassified Coriobacteriia Class	0.966939252946097	0.802515657650489	0.943864458826082	-0.0903447442234068	-0.0265617512201289	0.993683715604011	0.935247254971817	0.980977781197213
Hungateiclostridium clariflavum	0.968850089941835	0.879068771812831	0.911207938451362	-0.0172964359214086	0.0132542884321648	0.993683715604011	0.962888737786368	0.974966805479558
Flintibacter sp. KGMB00164	0.969043403804032	0.834163344867397	0.839401425220765	0.0703484912505882	0.0712106316893665	0.993683715604011	0.945660425616999	0.959586099951611
Unclassified Polynucleobacter Genus	0.970173092094158	0.811002009309996	0.94440812683766	0.0236837380306884	0.00699010799607738	0.993683715604011	0.935614408725386	0.980977781197213
Unclassified Ralstonia Genus	0.975042484697897	0.870173630371595	0.840492590894417	-0.0128730711301508	-0.0165847663544121	0.993683715604011	0.961013457097279	0.959586099951611
Lactobacillus sanfranciscensis	0.977643991539434	0.878296816498938	0.850307030750175	-0.0296539341159105	-0.037768964199701	0.993683715604011	0.962888737786368	0.959586099951611
Elusimicrobium minutum	0.978028190481389	0.894274874645385	0.930175978340558	0.0111075504604134	-0.00765142117815735	0.993683715604011	0.969540122944734	0.980977781197213
Solitalea canadensis	0.978546198946875	0.89465934523338	0.845212213127313	0.0439397591747128	0.0677526897823178	0.993683715604011	0.969540122944734	0.959586099951611
Allopseudarcicella aquatilis	0.980666025006578	0.875985953634473	0.868061458320654	0.0310766184868848	0.0343514352618406	0.993683715604011	0.962888737786368	0.973217343020533
Pseudomonas sp. C27(2019)	0.990172165424568	0.909429903441216	0.906785784448838	-0.00701578550508739	-0.0075526092180572	0.996715969136235	0.969540122944734	0.974966805479558
Vibrio sp. THAF191c	0.990915543625435	0.916617627150808	0.976928585422902	0.00659087427790934	-0.00190351015526435	0.996715969136235	0.969540122944734	0.985535885734999
Unclassified Rhodobacteraceae Family	0.99270255222811	0.906210079054442	0.967650814943891	-0.0121786048329211	-0.00435460015750235	0.996715969136235	0.969540122944734	0.982053283525924
Ottowia sp. oral taxon 894	0.993719518008084	0.961421699879876	0.913038531029442	-0.00336497913263168	-0.0077487456741444	0.996715969136235	0.988150761624089	0.974966805479558
Unclassified Mycoplasma Genus	0.994539733395763	0.945552846222148	0.967815170676489	-0.00438570713063683	0.00270969675213658	0.996715969136235	0.984623675786275	0.982053283525924
Sutterella faecalis	0.998611639636971	0.959317728910013	0.988799455212216	0.0103101257144679	0.00293130121858856	0.998611639636971	0.988150761624089	0.993471157823501
