"CV_rep1"	"CV_rep2"	"CV_rep3"	"CV_rep4"	"CV_rep5"	"CV_rep6"	"CV_rep7"	"CV_rep8"	"CV_rep9"	"CV_rep10"
"SAMPLE-1"	0.747142857142857	0.686666666666667	0.67875	0.74	0.655	0.666	0.69	0.721666666666667	0.66	0.706666666666667
"SAMPLE-2"	0.25	0.17	0.21	0.22	0.256666666666667	0.2275	0.18	0.161666666666667	0.176666666666667	0.27
"SAMPLE-3"	0.761	0.716666666666667	0.785714285714286	0.763	0.734444444444444	0.771	0.75	0.751111111111111	0.804	0.705
"SAMPLE-4"	0.533333333333333	0.507	0.52	0.513333333333333	0.46	0.591	0.486666666666667	0.54	0.465714285714286	0.53
"SAMPLE-5"	0.463333333333333	0.488333333333333	0.48	0.55	0.421111111111111	0.488	0.435	0.386666666666667	0.43	0.54
"SAMPLE-6"	0.515	0.532222222222222	0.531	0.56	0.573333333333333	0.463333333333333	0.59	0.553333333333333	0.47625	0.481428571428571
"SAMPLE-7"	0.754285714285714	0.765555555555556	0.77	0.754444444444444	0.833333333333333	0.756666666666667	0.77125	0.78125	0.767142857142857	0.76
"SAMPLE-8"	0.5	0.46	0.48	0.5	0.494	0.5475	0.67	0.508333333333333	0.53	0.525
"SAMPLE-9"	0.50125	0.507777777777778	0.442222222222222	0.439	0.4525	0.472	0.49	0.456666666666667	0.42625	0.478333333333333
"SAMPLE-10"	0.695	0.7	0.69	0.6525	0.71	0.7625	0.635	0.6725	0.686666666666667	0.725
"SAMPLE-11"	0.736666666666667	0.703333333333333	0.74	0.738	0.688333333333333	0.74	0.68	0.773333333333333	0.72875	0.7625
"SAMPLE-12"	0.16	0.1	0.14	0.158888888888889	0.133333333333333	0.2	0.19	0.15	0.16	0.133333333333333
"SAMPLE-13"	0.832857142857143	0.776666666666667	0.772222222222222	0.85	0.745	0.755	0.785	0.756666666666667	0.75	0.812857142857143
"SAMPLE-14"	0.1025	0.1	0.094	0.1225	0.0777777777777778	0.0925	0.095	0.0875	0.12625	0.19
"SAMPLE-15"	0.371428571428571	0.352222222222222	0.394444444444444	0.44	0.36	0.41	0.41	0.39	0.396	0.413333333333333
"SAMPLE-16"	0.82	0.794285714285714	0.828571428571429	0.86	0.77	0.853	0.875	0.798	0.86	0.805
"SAMPLE-17"	0.788571428571429	0.726666666666667	0.756666666666667	0.76	0.745	0.74	0.765	0.783333333333333	0.795	0.771428571428571
"SAMPLE-18"	0.36375	0.318333333333333	0.368571428571429	0.39	0.37	0.347	0.325	0.343333333333333	0.28	0.328333333333333
"SAMPLE-19"	0.816666666666667	0.888333333333333	0.893333333333333	0.886666666666667	0.882222222222222	0.833333333333333	0.89	0.871666666666667	0.828	0.805
"SAMPLE-20"	0.62	0.674	0.584	0.716666666666667	0.55	0.645	0.635	0.71	0.62	0.62875
"SAMPLE-21"	0.442	0.405555555555556	0.446666666666667	0.431111111111111	0.446	0.366	0.445	0.441	0.418571428571429	0.352857142857143
"SAMPLE-22"	0.65	0.6	0.591	0.626666666666667	0.665555555555556	0.667	0.525	0.706666666666667	0.661428571428571	0.63
"SAMPLE-23"	0.5	0.518888888888889	0.526666666666667	0.47	0.493333333333333	0.476	0.4725	0.439	0.37	0.45875
"SAMPLE-24"	0.245	0.228571428571429	0.27	0.2975	0.24	0.2425	0.225	0.22	0.265714285714286	0.216666666666667
"SAMPLE-25"	0.509	0.465714285714286	0.452857142857143	0.45	0.37	0.46375	0.51	0.445	0.38	0.443333333333333
"SAMPLE-26"	0.67	0.714285714285714	0.697	0.76	0.723333333333333	0.76	0.79	0.7075	0.70125	0.69625
"SAMPLE-27"	0.585	0.619	0.552	0.64	0.6	0.613333333333333	0.585	0.59	0.61	0.58
"SAMPLE-28"	0.405	0.446666666666667	0.402	0.41	0.381111111111111	0.425	0.4	0.455	0.505	0.425
"SAMPLE-29"	0.643333333333333	0.628	0.637777777777778	0.66	0.717777777777778	0.641	0.53	0.611	0.641428571428571	0.705
"SAMPLE-30"	0.404	0.371428571428571	0.29	0.336666666666667	0.37	0.4125	0.385	0.34125	0.346	0.38
"SAMPLE-31"	0.337142857142857	0.352	0.39625	0.391	0.413333333333333	0.40625	0.355	0.37	0.36	0.37
"SAMPLE-32"	0.723333333333333	0.774	0.773	0.7175	0.7725	0.764	0.795	0.78	0.764	0.78
"SAMPLE-33"	0.296	0.245714285714286	0.164	0.256666666666667	0.185	0.305	0.215	0.2025	0.28625	0.245
"SAMPLE-34"	0.26	0.266	0.271111111111111	0.301111111111111	0.313333333333333	0.2775	0.2625	0.276666666666667	0.285	0.26
"SAMPLE-35"	0.618571428571429	0.591428571428571	0.55	0.593333333333333	0.59875	0.6475	0.573333333333333	0.52	0.5575	0.643333333333333
"SAMPLE-36"	0.195	0.24	0.198	0.205	0.1775	0.1475	0.24	0.267	0.23	0.2
"SAMPLE-37"	0.315	0.362222222222222	0.4	0.3475	0.384	0.4625	0.4325	0.44	0.354285714285714	0.37
"SAMPLE-38"	0.6375	0.598571428571429	0.662222222222222	0.582	0.551666666666667	0.658	0.605	0.69	0.598	0.621666666666667
"SAMPLE-39"	0.8025	0.786666666666667	0.826666666666667	0.798	0.824	0.815	0.7875	0.84	0.762	0.825
"SAMPLE-40"	0.338	0.26	0.216666666666667	0.32	0.24375	0.3025	0.295	0.223333333333333	0.2525	0.245
"SAMPLE-41"	0.165	0.103333333333333	0.122222222222222	0.12	0.156666666666667	0.116666666666667	0.115	0.125	0.10875	0.0975
"SAMPLE-42"	0.634285714285714	0.644444444444444	0.576666666666667	0.653333333333333	0.598888888888889	0.525	0.615	0.62	0.6	0.63
"SAMPLE-43"	0.163333333333333	0.248	0.34	0.248	0.303333333333333	0.208	0.265	0.24	0.228	0.218571428571429
"SAMPLE-44"	0.69	0.682857142857143	0.762857142857143	0.7675	0.74	0.73375	0.76	0.735	0.724285714285714	0.68
"SAMPLE-45"	0.446	0.478	0.44875	0.427	0.4425	0.4825	0.388333333333333	0.502	0.53	0.46
"SAMPLE-46"	0.513333333333333	0.526666666666667	0.49	0.533333333333333	0.395	0.472	0.43	0.49	0.4425	0.436666666666667
"SAMPLE-47"	0.42375	0.471111111111111	0.443333333333333	0.341111111111111	0.362222222222222	0.42375	0.34	0.33	0.43625	0.408571428571429
"SAMPLE-48"	0.52	0.566666666666667	0.502	0.62	0.542222222222222	0.564	0.525	0.55375	0.56	0.531666666666667
"SAMPLE-49"	0.322	0.238888888888889	0.223333333333333	0.23	0.20125	0.2525	0.27	0.251666666666667	0.212857142857143	0.206666666666667
"SAMPLE-50"	0.44	0.452	0.45	0.442222222222222	0.463333333333333	0.378	0.438333333333333	0.427	0.463333333333333	0.445
"SAMPLE-51"	0.766666666666667	0.814444444444444	0.851111111111111	0.82	0.801111111111111	0.80875	0.76	0.787777777777778	0.771428571428571	0.778333333333333
"SAMPLE-52"	0.29	0.153333333333333	0.167777777777778	0.273333333333333	0.191111111111111	0.19	0.15375	0.184	0.188	0.20375
"SAMPLE-53"	0.395	0.436666666666667	0.454444444444444	0.386	0.475	0.52	0.45	0.448333333333333	0.47	0.418333333333333
"SAMPLE-54"	0.25	0.22	0.217777777777778	0.296	0.316666666666667	0.235	0.28	0.273	0.26	0.235
"SAMPLE-55"	0.35	0.3	0.29	0.306	0.306666666666667	0.286	0.2575	0.26	0.335	0.2725
"SAMPLE-56"	0.83	0.8	0.851	0.857777777777778	0.795	0.8	0.7775	0.785555555555556	0.85125	0.8525
"SAMPLE-57"	0.395	0.399	0.376666666666667	0.373333333333333	0.451666666666667	0.4575	0.3975	0.387777777777778	0.415	0.373333333333333
"SAMPLE-58"	0.772	0.825	0.85	0.76	0.776666666666667	0.743333333333333	0.665	0.835	0.803333333333333	0.835
"SAMPLE-59"	0.226666666666667	0.21	0.19	0.31	0.293333333333333	0.25	0.23	0.243333333333333	0.27625	0.225
"SAMPLE-60"	0.0966666666666667	0.103333333333333	0.0811111111111111	0.106	0.0966666666666667	0.085	0.075	0.05	0.06	0.105
"SAMPLE-61"	0.633333333333333	0.642222222222222	0.64	0.59	0.686666666666667	0.655	0.665	0.646666666666667	0.6825	0.662857142857143
"SRR5865065"	0.955	0.94	0.96	0.954444444444444	0.944	0.92	0.97	0.949	0.98	0.947142857142857
"SRR5865066"	0.765	0.717777777777778	0.77	0.676666666666667	0.675	0.686666666666667	0.7	0.77	0.718	0.62875
"SRR5865067"	0.185	0.247	0.196	0.236666666666667	0.263333333333333	0.21125	0.245	0.288888888888889	0.162	0.18875
"SRR5865068"	0.73	0.78	0.767777777777778	0.89	0.713333333333333	0.7425	0.75	0.78	0.795714285714286	0.745
"SRR5865069"	0.4525	0.47	0.403333333333333	0.438888888888889	0.38625	0.4625	0.4	0.445555555555556	0.424	0.41
"SRR5865070"	0.3475	0.35	0.47	0.3425	0.298	0.296	0.255	0.271666666666667	0.236666666666667	0.355
"SRR5865071"	0.681428571428571	0.61	0.637	0.657	0.664	0.616666666666667	0.62	0.69	0.638	0.643333333333333
"SRR5865072"	0.44	0.44	0.51	0.43	0.488888888888889	0.455	0.351666666666667	0.463333333333333	0.366666666666667	0.3625
"SRR5865073"	0.706666666666667	0.698888888888889	0.66125	0.76	0.623333333333333	0.645	0.68	0.632	0.672	0.73
"SRR5865074"	0.804285714285714	0.853333333333333	0.79125	0.848	0.862	0.828	0.8	0.786666666666667	0.85	0.831666666666667
"SRR5865075"	0.746666666666667	0.652	0.66	0.606	0.664444444444444	0.62875	0.66	0.658888888888889	0.64	0.738333333333333
"SRR5865077"	0.453333333333333	0.466666666666667	0.556	0.5	0.46	0.52	0.48	0.535	0.52	0.53
"SRR5865085"	0.666666666666667	0.668888888888889	0.744	0.694	0.728	0.704	0.69	0.665	0.67375	0.676666666666667
"SRR5865086"	0.756	0.8	0.817777777777778	0.763333333333333	0.715	0.805	0.785	0.743	0.77625	0.738333333333333
"SRR5865087"	0.7	0.67	0.687142857142857	0.703333333333333	0.665	0.65	0.6	0.716666666666667	0.79	0.655
"SRR5865096"	0.842	0.85	0.84875	0.84	0.826666666666667	0.866	0.855	0.861666666666667	0.87	0.8625
"SRR5865097"	0.794	0.862222222222222	0.82125	0.795	0.856666666666667	0.79	0.823333333333333	0.825	0.88	0.80875
"SRR5865098"	0.8625	0.903333333333333	0.848	0.81	0.885	0.91	0.865	0.89875	0.905	0.847142857142857
"SRR5865110"	0.34	0.338333333333333	0.307142857142857	0.357777777777778	0.386666666666667	0.35	0.3225	0.398	0.42375	0.37125
"SRR5865111"	0.5175	0.44	0.438571428571429	0.57	0.4	0.495	0.481666666666667	0.491	0.43	0.52
"SRR5865112"	0.88	0.85	0.873333333333333	0.88	0.828333333333333	0.87	0.85	0.847	0.845	0.886666666666667
"SRR5865114"	0.348571428571429	0.374	0.337142857142857	0.386666666666667	0.311111111111111	0.319	0.37	0.421111111111111	0.355	0.331666666666667
"SRR5865115"	0.672	0.665555555555556	0.668571428571429	0.664444444444444	0.64	0.69	0.67	0.711	0.67	0.63875
"SRR5865116"	0.78	0.757	0.794	0.686	0.784	0.7725	0.68	0.761111111111111	0.732	0.761666666666667
"SRR5865120"	0.49	0.458	0.474	0.503333333333333	0.446	0.539	0.54	0.45	0.55	0.478333333333333
"SRR5865121"	0.44375	0.47	0.376666666666667	0.4725	0.474	0.488	0.46	0.386666666666667	0.448	0.43
"SRR5865122"	0.735714285714286	0.673333333333333	0.72	0.742222222222222	0.684444444444444	0.695	0.715	0.698333333333333	0.704	0.67875
"SRR5865123"	0.755714285714286	0.743333333333333	0.817777777777778	0.74	0.806	0.673333333333333	0.773333333333333	0.77	0.795	0.6425
"SRR5865124"	0.645	0.65	0.66	0.627777777777778	0.606666666666667	0.587	0.63	0.551	0.79	0.675
"SRR5865125"	0.7375	0.694	0.75	0.7925	0.836666666666667	0.735	0.748333333333333	0.711666666666667	0.735	0.686666666666667
"SRR5865126"	0.69	0.659	0.656666666666667	0.671111111111111	0.746	0.72	0.775	0.71625	0.65375	0.695
"SRR5865127"	0.642857142857143	0.595	0.63625	0.661111111111111	0.67	0.656	0.66125	0.69125	0.643333333333333	0.67125
"SRR5865128"	0.331	0.343333333333333	0.404444444444444	0.383333333333333	0.37	0.365	0.345	0.357777777777778	0.3875	0.35
"SRR5865129"	0.346	0.328	0.35	0.29	0.31	0.317	0.245	0.27	0.328	0.2625
"SRR5865130"	0.55	0.52	0.511428571428571	0.55	0.515	0.53	0.51125	0.587777777777778	0.495	0.565
"SRR5865078"	0.72	0.746666666666667	0.72875	0.764444444444444	0.718333333333333	0.785	0.715	0.792222222222222	0.786666666666667	0.74
"SRR5865079"	0.749	0.794444444444444	0.754444444444444	0.776666666666667	0.798	0.836	0.8	0.783333333333333	0.8	0.76
"SRR5865080"	0.702	0.734444444444444	0.723333333333333	0.726	0.75	0.777	0.745	0.78	0.75	0.73
"SRR5865081"	0.298	0.327	0.424	0.34	0.233333333333333	0.338	0.36	0.245	0.313333333333333	0.4
"SRR5865082"	0.83875	0.841428571428571	0.8525	0.8625	0.87	0.863	0.79	0.901666666666667	0.87	0.851666666666667
"SRR5865083"	0.89	0.915	0.914	0.881	0.935	0.8825	0.93125	0.91	0.9125	0.881666666666667
"SRR5865084"	0.5825	0.57	0.536666666666667	0.624444444444444	0.615	0.637	0.66	0.66	0.67	0.601428571428571
"SRR5865088"	0.745	0.76	0.784	0.7	0.75	0.80375	0.73	0.741666666666667	0.79	0.761666666666667
"SRR5865090"	0.778	0.73	0.772	0.83	0.695	0.733333333333333	0.815	0.807777777777778	0.82	0.81
"SRR5865091"	0.754	0.738	0.703333333333333	0.8	0.695	0.735	0.76125	0.708333333333333	0.771428571428571	0.711666666666667
"SRR5865092"	0.937	0.94	0.955714285714286	0.93	0.9575	0.94	0.945	0.95	0.942	0.915
"SRR5865093"	0.905	0.89	0.89125	0.905	0.906666666666667	0.93	0.88	0.871666666666667	0.89625	0.875
"SRR5865094"	0.886666666666667	0.883333333333333	0.826666666666667	0.76	0.856666666666667	0.85375	0.75	0.9	0.862	0.828333333333333
"SRR5865095"	0.72875	0.673	0.68	0.623333333333333	0.686666666666667	0.643333333333333	0.7375	0.706666666666667	0.69	0.72625
"SRR5865099"	0.7175	0.66	0.71	0.733333333333333	0.68	0.745	0.795	0.735	0.8	0.69
"SRR5865100"	0.675	0.706	0.67	0.688888888888889	0.646666666666667	0.586666666666667	0.73	0.68	0.75	0.723333333333333
"SRR5865101"	0.73	0.731111111111111	0.694	0.71	0.693333333333333	0.759	0.685	0.715	0.6675	0.655
"SRR5865102"	0.38	0.27	0.39	0.336	0.29	0.3125	0.335	0.28625	0.248571428571429	0.255714285714286
"SRR5865103"	0.7	0.638888888888889	0.64	0.644	0.651111111111111	0.6275	0.62125	0.6	0.64	0.6025
"SRR5865104"	0.83	0.796666666666667	0.85	0.766	0.805	0.823	0.82	0.823333333333333	0.8225	0.77
"SRR5865105"	0.413333333333333	0.398571428571429	0.432222222222222	0.438	0.39875	0.4	0.4	0.398333333333333	0.44875	0.5
"SRR5865107"	0.785	0.758888888888889	0.7825	0.86	0.85	0.7675	0.795	0.815	0.837142857142857	0.85
"SRR5865108"	0.836	0.803333333333333	0.84	0.71	0.83	0.8425	0.84	0.81	0.85875	0.86875
"SRR5865109"	0.588571428571429	0.59	0.613333333333333	0.573333333333333	0.674444444444444	0.647	0.68	0.59	0.668	0.588333333333333
"SRR5865117"	0.49	0.49	0.5225	0.5525	0.534444444444444	0.53625	0.48	0.50375	0.47	0.525
"SRR5865118"	0.766666666666667	0.646666666666667	0.668	0.718888888888889	0.674	0.7275	0.678333333333333	0.746666666666667	0.75	0.67
"SRR5865119"	0.725	0.601111111111111	0.678888888888889	0.6725	0.64875	0.568	0.695	0.617777777777778	0.651428571428571	0.664285714285714
"SRR5865131"	0.686666666666667	0.681111111111111	0.64875	0.681111111111111	0.67	0.6175	0.6375	0.688888888888889	0.65	0.55125
"SRR5865132"	0.71	0.72	0.7	0.668	0.712222222222222	0.7225	0.7075	0.74	0.724285714285714	0.65
"SRR5865133"	0.375	0.42	0.54	0.52	0.421111111111111	0.355	0.325	0.408888888888889	0.446	0.465
"SRR5865134"	0.78	0.696666666666667	0.718571428571429	0.696666666666667	0.746666666666667	0.6975	0.725	0.713333333333333	0.736	0.72375
"SRR5865135"	0.356666666666667	0.34	0.32875	0.353333333333333	0.331111111111111	0.35	0.3675	0.407777777777778	0.332	0.363333333333333
"SRR11292125"	0.76	0.68	0.70625	0.756666666666667	0.685	0.644	0.70625	0.77	0.724	0.738571428571429
"SRR11292126"	0.547142857142857	0.575555555555556	0.508571428571429	0.53	0.526666666666667	0.545	0.47	0.58	0.47	0.505
"SRR11292127"	0.486666666666667	0.54	0.478888888888889	0.59	0.54875	0.605	0.48	0.44	0.555714285714286	0.475
"SRR11292131"	0.885	0.875	0.88	0.872222222222222	0.903333333333333	0.91	0.8575	0.895	0.92	0.895
"SRR11292132"	0.12	0.0666666666666667	0.23	0.0733333333333333	0.0533333333333333	0.0625	0.14	0.166666666666667	0.0525	0.0766666666666667
"SRR11292136"	0.3425	0.41	0.382	0.367	0.393333333333333	0.35	0.35	0.42	0.34	0.28
"SRR11292137"	0.56	0.64	0.665555555555556	0.612	0.65	0.628	0.63375	0.634444444444444	0.62	0.525
"SRR11292138"	0.55	0.533333333333333	0.3	0.514	0.502	0.561	0.475	0.172222222222222	0.49	0.493333333333333
"SRR11292140"	0.38	0.326666666666667	0.35	0.37	0.36	0.3575	0.435	0.35	0.38	0.408571428571429
"SRR11292141"	0.72	0.671428571428571	0.692	0.722	0.716666666666667	0.785	0.75375	0.59	0.69	0.701666666666667
"SRR11292142"	0.407142857142857	0.39	0.433333333333333	0.463333333333333	0.405	0.391	0.455	0.40625	0.4475	0.4575
"SRR11292143"	0.53375	0.446666666666667	0.489	0.39	0.5325	0.46	0.39	0.478333333333333	0.458	0.504285714285714
"SRR11292144"	0.498	0.426666666666667	0.431	0.476666666666667	0.453333333333333	0.4825	0.445	0.43	0.454	0.56
"SRR11292145"	0.534	0.49	0.563333333333333	0.532	0.53375	0.519	0.53	0.546666666666667	0.53	0.61
"SRR11292146"	0.6875	0.682857142857143	0.694444444444444	0.776666666666667	0.743333333333333	0.705	0.686666666666667	0.67125	0.72	0.747142857142857
"SRR11292147"	0.55	0.548	0.634444444444444	0.48	0.626666666666667	0.626	0.595	0.533	0.57125	0.565
"SRR11292148"	0.774	0.817777777777778	0.772	0.776666666666667	0.79	0.775	0.75	0.69	0.765	0.796666666666667
"SRR11292129"	0.781428571428571	0.8	0.784	0.867777777777778	0.776	0.76	0.8	0.765	0.824	0.785
"SRR11292130"	0.714	0.74	0.726666666666667	0.746	0.73	0.759	0.73	0.6	0.756666666666667	0.67
"SRR11292133"	0.616666666666667	0.64	0.595714285714286	0.606	0.603333333333333	0.59	0.71	0.631111111111111	0.63	0.64
"SRR11292134"	0.444	0.324285714285714	0.313	0.378	0.406666666666667	0.39	0.38	0.373333333333333	0.28625	0.291666666666667
"SRR11292135"	0.318	0.284	0.264	0.271111111111111	0.248888888888889	0.2725	0.3025	0.21	0.24	0.245
