"CV_rep1"	"CV_rep2"	"CV_rep3"	"CV_rep4"	"CV_rep5"	"CV_rep6"	"CV_rep7"	"CV_rep8"	"CV_rep9"	"CV_rep10"
"SAMPLE-1"	0.753333333333333	0.663333333333333	0.653333333333333	0.728	0.745	0.721666666666667	0.658571428571429	0.658888888888889	0.658888888888889	0.66125
"SAMPLE-2"	0.213333333333333	0.228888888888889	0.262	0.288	0.27	0.22	0.25	0.3	0.273333333333333	0.27
"SAMPLE-3"	0.82	0.794444444444444	0.796666666666667	0.78	0.823333333333333	0.737	0.76	0.706666666666667	0.78	0.76
"SAMPLE-4"	0.5225	0.508888888888889	0.508	0.51	0.483333333333333	0.4825	0.48	0.466666666666667	0.48	0.535
"SAMPLE-5"	0.49	0.386666666666667	0.41125	0.41	0.4525	0.47	0.466	0.42	0.48	0.5175
"SAMPLE-6"	0.47	0.45	0.50625	0.451111111111111	0.443333333333333	0.488	0.5175	0.517142857142857	0.51	0.483
"SAMPLE-7"	0.78625	0.79	0.8	0.748888888888889	0.765	0.811666666666667	0.805	0.71	0.78	0.8
"SAMPLE-8"	0.436666666666667	0.475	0.39	0.47	0.363333333333333	0.333333333333333	0.403333333333333	0.31625	0.383333333333333	0.44
"SAMPLE-9"	0.43	0.487142857142857	0.54	0.5	0.5	0.53	0.55	0.5	0.455555555555556	0.415
"SAMPLE-10"	0.646666666666667	0.673333333333333	0.775	0.61	0.6875	0.696666666666667	0.69	0.736	0.736666666666667	0.717
"SAMPLE-11"	0.796666666666667	0.85	0.753333333333333	0.82	0.7825	0.813333333333333	0.745	0.8125	0.784444444444444	0.765
"SAMPLE-12"	0.146666666666667	0.225	0.115	0.128333333333333	0.123333333333333	0.14	0.133333333333333	0.0725	0.166666666666667	0.115
"SAMPLE-13"	0.743333333333333	0.8	0.75	0.801666666666667	0.726666666666667	0.747	0.746666666666667	0.73	0.74	0.76
"SAMPLE-14"	0.176666666666667	0.161111111111111	0.171666666666667	0.16	0.146666666666667	0.188333333333333	0.211	0.222222222222222	0.171111111111111	0.2
"SAMPLE-15"	0.24	0.293333333333333	0.37	0.47	0.344	0.318	0.3	0.403333333333333	0.34	0.284
"SAMPLE-16"	0.873333333333333	0.88	0.881111111111111	0.845	0.872	0.883333333333333	0.885714285714286	0.867142857142857	0.858	0.76625
"SAMPLE-17"	0.803333333333333	0.868888888888889	0.76125	0.74	0.7975	0.761666666666667	0.758	0.8	0.8	0.84
"SAMPLE-18"	0.3	0.363333333333333	0.308333333333333	0.315	0.33	0.2975	0.345	0.4	0.287777777777778	0.38
"SAMPLE-19"	0.78	0.696666666666667	0.753333333333333	0.813333333333333	0.71875	0.81	0.718	0.824	0.8	0.81
"SAMPLE-20"	0.651111111111111	0.61	0.601666666666667	0.61	0.586666666666667	0.64	0.526666666666667	0.62	0.646666666666667	0.695714285714286
"SAMPLE-21"	0.273333333333333	0.312222222222222	0.30875	0.236	0.33875	0.346666666666667	0.436	0.341428571428571	0.315555555555556	0.335
"SAMPLE-22"	0.55375	0.59	0.66125	0.636	0.66375	0.593333333333333	0.574285714285714	0.578	0.58	0.62
"SAMPLE-23"	0.47	0.472222222222222	0.481666666666667	0.51	0.49	0.52	0.5	0.466666666666667	0.476666666666667	0.46
"SAMPLE-24"	0.285555555555556	0.235555555555556	0.242222222222222	0.29	0.23	0.21	0.217142857142857	0.32	0.219	0.265
"SAMPLE-25"	0.493333333333333	0.54	0.544444444444444	0.52	0.533333333333333	0.52	0.5425	0.5	0.54	0.528571428571429
"SAMPLE-26"	0.733333333333333	0.751428571428571	0.715	0.726666666666667	0.747	0.71	0.77	0.745	0.74625	0.81
"SAMPLE-27"	0.696666666666667	0.734444444444444	0.723333333333333	0.678	0.685	0.5875	0.75	0.692857142857143	0.64625	0.63125
"SAMPLE-28"	0.54	0.51	0.451111111111111	0.53	0.452	0.47	0.503333333333333	0.393333333333333	0.468	0.415
"SAMPLE-29"	0.726666666666667	0.665555555555556	0.666	0.64	0.65	0.76	0.705	0.664444444444444	0.746666666666667	0.59
"SAMPLE-30"	0.333333333333333	0.405	0.28	0.346	0.283333333333333	0.325	0.38	0.312857142857143	0.39	0.39
"SAMPLE-31"	0.41	0.415	0.38	0.42	0.4025	0.348333333333333	0.391	0.35	0.4	0.365
"SAMPLE-32"	0.835	0.81	0.83	0.768888888888889	0.80875	0.791666666666667	0.78	0.786666666666667	0.823333333333333	0.838571428571429
"SAMPLE-33"	0.0833333333333333	0.152857142857143	0.09	0.13	0.121	0.175	0.116	0.12	0.16	0.124
"SAMPLE-34"	0.266666666666667	0.24	0.281666666666667	0.26	0.31	0.276666666666667	0.24	0.3	0.23	0.3
"SAMPLE-35"	0.553333333333333	0.66	0.71	0.65	0.62375	0.641666666666667	0.61	0.63	0.639	0.56375
"SAMPLE-36"	0.188888888888889	0.172857142857143	0.2	0.25	0.218333333333333	0.191666666666667	0.1875	0.1775	0.176666666666667	0.23
"SAMPLE-37"	0.47	0.42	0.478888888888889	0.4	0.5075	0.423333333333333	0.472857142857143	0.476	0.452	0.568333333333333
"SAMPLE-38"	0.66	0.686666666666667	0.636	0.642	0.603333333333333	0.656666666666667	0.633333333333333	0.6575	0.59	0.685
"SAMPLE-39"	0.846666666666667	0.882222222222222	0.84	0.8	0.875	0.89	0.86	0.87625	0.876666666666667	0.865
"SAMPLE-40"	0.133333333333333	0.205714285714286	0.18	0.17	0.176666666666667	0.191	0.21	0.154	0.23	0.263333333333333
"SAMPLE-41"	0.25	0.15	0.12625	0.172222222222222	0.21	0.23	0.175	0.226666666666667	0.14	0.165
"SAMPLE-42"	0.596666666666667	0.588888888888889	0.62	0.6	0.636666666666667	0.677	0.63	0.555	0.64625	0.655
"SAMPLE-43"	0.16625	0.18	0.29	0.31	0.236666666666667	0.207	0.233333333333333	0.164	0.153333333333333	0.22
"SAMPLE-44"	0.733333333333333	0.745	0.846	0.763333333333333	0.72	0.755	0.681	0.7575	0.767777777777778	0.771666666666667
"SAMPLE-45"	0.476666666666667	0.47	0.54	0.48	0.53625	0.4225	0.441	0.46625	0.492	0.435
"SAMPLE-46"	0.433333333333333	0.58	0.602	0.52	0.585	0.657	0.53	0.576666666666667	0.59125	0.518333333333333
"SAMPLE-47"	0.42625	0.353333333333333	0.44	0.468	0.35375	0.43	0.455	0.455555555555556	0.44	0.435714285714286
"SAMPLE-48"	0.563333333333333	0.676666666666667	0.57	0.6	0.643333333333333	0.587	0.616	0.6	0.53625	0.571666666666667
"SAMPLE-49"	0.18	0.19	0.246666666666667	0.236666666666667	0.199	0.218	0.176666666666667	0.242222222222222	0.216666666666667	0.27875
"SAMPLE-50"	0.556666666666667	0.5	0.483333333333333	0.56	0.4475	0.48	0.466	0.452	0.57	0.425
"SAMPLE-51"	0.79	0.766666666666667	0.81	0.75	0.7975	0.778	0.745	0.805714285714286	0.73375	0.827142857142857
"SAMPLE-52"	0.28	0.29	0.264	0.282222222222222	0.2675	0.265	0.305	0.36	0.272	0.285714285714286
"SAMPLE-53"	0.426666666666667	0.467777777777778	0.503333333333333	0.43	0.435	0.528333333333333	0.466	0.445	0.511666666666667	0.475
"SAMPLE-54"	0.313333333333333	0.3	0.265	0.32	0.263	0.313333333333333	0.3225	0.317142857142857	0.356666666666667	0.28
"SAMPLE-55"	0.306666666666667	0.25	0.256666666666667	0.333333333333333	0.2275	0.246666666666667	0.2475	0.244	0.27	0.285
"SAMPLE-56"	0.867777777777778	0.831111111111111	0.78375	0.8	0.8125	0.78	0.726	0.814444444444444	0.804444444444444	0.803
"SAMPLE-57"	0.26	0.324444444444444	0.324444444444444	0.29	0.2825	0.323333333333333	0.35	0.2675	0.346666666666667	0.33
"SAMPLE-58"	0.86	0.834285714285714	0.865	0.93	0.883333333333333	0.857	0.8725	0.81	0.83	0.855
"SAMPLE-59"	0.24	0.226666666666667	0.294	0.294444444444444	0.245	0.324	0.273333333333333	0.273333333333333	0.253333333333333	0.21
"SAMPLE-60"	0.0966666666666667	0.0644444444444444	0.11	0.09	0.158333333333333	0.0766666666666667	0.115	0.08875	0.0766666666666667	0.09
"SAMPLE-61"	0.641111111111111	0.676666666666667	0.623333333333333	0.635	0.635	0.696666666666667	0.649	0.697777777777778	0.671666666666667	0.6025
