"CV_rep1"	"CV_rep2"	"CV_rep3"	"CV_rep4"	"CV_rep5"	"CV_rep6"	"CV_rep7"	"CV_rep8"	"CV_rep9"	"CV_rep10"
"SAMPLE-1"	0.7	0.705714285714286	0.715	0.77	0.73	0.718333333333333	0.755	0.693333333333333	0.756666666666667	0.645
"SAMPLE-2"	0.21	0.24	0.178333333333333	0.215	0.25	0.203333333333333	0.18	0.2025	0.243333333333333	0.303333333333333
"SAMPLE-3"	0.69	0.786666666666667	0.765	0.752857142857143	0.781666666666667	0.7175	0.76	0.765	0.713333333333333	0.735
"SAMPLE-4"	0.565	0.6	0.523333333333333	0.54	0.576666666666667	0.586666666666667	0.52	0.55	0.625	0.615
"SAMPLE-5"	0.4	0.515	0.51	0.31	0.387777777777778	0.4925	0.505555555555556	0.45	0.405	0.456666666666667
"SAMPLE-6"	0.445	0.512857142857143	0.492	0.555	0.541666666666667	0.55	0.503333333333333	0.4925	0.513333333333333	0.486666666666667
"SAMPLE-7"	0.79	0.804	0.783333333333333	0.776666666666667	0.78	0.72	0.765	0.783333333333333	0.756666666666667	0.76
"SAMPLE-8"	0.48	0.474	0.478333333333333	0.423333333333333	0.51	0.445	0.48	0.443333333333333	0.468333333333333	0.485
"SAMPLE-9"	0.6025	0.61	0.508	0.56	0.538888888888889	0.5625	0.515	0.5225	0.595	0.52
"SAMPLE-10"	0.76	0.72	0.69	0.7625	0.646666666666667	0.63	0.74	0.74	0.731666666666667	0.725555555555556
"SAMPLE-11"	0.79	0.67	0.7225	0.7775	0.763333333333333	0.71	0.79	0.75	0.795	0.86
"SAMPLE-12"	0.16125	0.17	0.165	0.1925	0.206	0.17	0.136666666666667	0.1275	0.236666666666667	0.16
"SAMPLE-13"	0.793	0.783	0.7025	0.758	0.795	0.796666666666667	0.795	0.781666666666667	0.773333333333333	0.776
"SAMPLE-14"	0.11	0.148	0.11	0.12	0.141666666666667	0.143333333333333	0.1625	0.204444444444444	0.14	0.14
"SAMPLE-15"	0.336	0.415	0.395	0.37	0.426	0.39	0.35	0.324444444444444	0.432222222222222	0.335
"SAMPLE-16"	0.838	0.808333333333333	0.86	0.834444444444444	0.78	0.79	0.836666666666667	0.845	0.87	0.785
"SAMPLE-17"	0.83	0.737	0.78	0.772	0.745	0.823333333333333	0.78	0.786666666666667	0.795	0.763333333333333
"SAMPLE-18"	0.359	0.363333333333333	0.355	0.26	0.336666666666667	0.353333333333333	0.323333333333333	0.402222222222222	0.351666666666667	0.381111111111111
"SAMPLE-19"	0.89	0.858571428571429	0.85	0.92	0.923333333333333	0.896666666666667	0.896666666666667	0.928888888888889	0.886666666666667	0.895
"SAMPLE-20"	0.74	0.646	0.625	0.64	0.726666666666667	0.7	0.68	0.7425	0.62	0.68
"SAMPLE-21"	0.422	0.418333333333333	0.39	0.39	0.348333333333333	0.33	0.34	0.383333333333333	0.385555555555556	0.426666666666667
"SAMPLE-22"	0.67	0.64	0.606666666666667	0.676666666666667	0.63	0.594	0.646666666666667	0.626666666666667	0.53	0.64
"SAMPLE-23"	0.528	0.57	0.4075	0.396	0.66	0.448	0.538888888888889	0.435	0.517777777777778	0.535
"SAMPLE-24"	0.18	0.258333333333333	0.16	0.222	0.17	0.24	0.23	0.216666666666667	0.225	0.21
"SAMPLE-25"	0.488	0.546	0.61	0.475	0.508888888888889	0.51	0.504444444444444	0.593333333333333	0.535	0.465555555555556
"SAMPLE-26"	0.737	0.746666666666667	0.725	0.714	0.745	0.672	0.723333333333333	0.765	0.775	0.673333333333333
"SAMPLE-27"	0.683	0.725	0.66	0.691111111111111	0.691111111111111	0.67	0.683333333333333	0.73	0.695	0.754444444444444
"SAMPLE-28"	0.534	0.505555555555556	0.57	0.496	0.55	0.53	0.496666666666667	0.4725	0.468333333333333	0.463333333333333
"SAMPLE-29"	0.6475	0.682222222222222	0.67	0.64	0.8	0.703333333333333	0.6325	0.6	0.67	0.73
"SAMPLE-30"	0.34	0.358571428571429	0.38	0.32	0.42	0.325	0.3	0.35	0.35	0.29
"SAMPLE-31"	0.5	0.34	0.405	0.3975	0.408333333333333	0.456666666666667	0.41	0.464444444444444	0.407777777777778	0.393333333333333
"SAMPLE-32"	0.7575	0.772	0.75	0.7675	0.813333333333333	0.77	0.77	0.783333333333333	0.725	0.765
"SAMPLE-33"	0.27	0.25	0.256	0.231111111111111	0.2	0.22	0.256666666666667	0.1975	0.25	0.275
"SAMPLE-34"	0.322	0.35	0.29	0.22	0.258888888888889	0.3225	0.29	0.2425	0.31	0.313333333333333
"SAMPLE-35"	0.67	0.662222222222222	0.711666666666667	0.6375	0.61	0.61	0.613333333333333	0.688333333333333	0.618333333333333	0.623333333333333
"SAMPLE-36"	0.294	0.26	0.206666666666667	0.195	0.243333333333333	0.278333333333333	0.236666666666667	0.28	0.295555555555556	0.284444444444444
"SAMPLE-37"	0.48	0.422	0.475	0.411428571428571	0.51	0.446666666666667	0.35	0.463333333333333	0.465	0.43
"SAMPLE-38"	0.6	0.578	0.643333333333333	0.625	0.568333333333333	0.556	0.675	0.603333333333333	0.66	0.62
"SAMPLE-39"	0.858	0.858888888888889	0.85	0.848	0.858888888888889	0.86	0.873333333333333	0.883333333333333	0.83	0.843333333333333
"SAMPLE-40"	0.212	0.27	0.255	0.2325	0.224	0.21	0.284444444444444	0.274444444444444	0.176666666666667	0.14
"SAMPLE-41"	0.1275	0.191666666666667	0.155	0.15	0.15	0.161666666666667	0.15	0.143333333333333	0.113333333333333	0.146
"SAMPLE-42"	0.66	0.658333333333333	0.575	0.63	0.65	0.68	0.666666666666667	0.7675	0.61	0.602222222222222
"SAMPLE-43"	0.21	0.253	0.3	0.195714285714286	0.186666666666667	0.25	0.15	0.198333333333333	0.201666666666667	0.22
"SAMPLE-44"	0.72375	0.722222222222222	0.64	0.73	0.68	0.68	0.745	0.823333333333333	0.731111111111111	0.766666666666667
"SAMPLE-45"	0.59	0.468571428571429	0.51	0.515	0.486	0.49	0.55	0.565	0.52	0.523333333333333
"SAMPLE-46"	0.592	0.51	0.553333333333333	0.5525	0.62	0.513333333333333	0.495	0.5425	0.545	0.472
"SAMPLE-47"	0.36	0.344444444444444	0.326666666666667	0.332222222222222	0.3	0.335	0.25	0.374444444444444	0.33	0.3
"SAMPLE-48"	0.536	0.621111111111111	0.645	0.59	0.556666666666667	0.628333333333333	0.64	0.595	0.595	0.67
"SAMPLE-49"	0.238	0.316	0.32	0.25	0.281666666666667	0.286666666666667	0.24	0.2	0.321666666666667	0.231111111111111
"SAMPLE-50"	0.51125	0.5	0.575	0.545	0.52	0.533333333333333	0.49	0.496666666666667	0.515	0.567777777777778
"SAMPLE-51"	0.82	0.821111111111111	0.83	0.86	0.852222222222222	0.9	0.87	0.831666666666667	0.816666666666667	0.82
"SAMPLE-52"	0.1525	0.166666666666667	0.176	0.18	0.18	0.19	0.135	0.187777777777778	0.185	0.172
"SAMPLE-53"	0.455	0.493333333333333	0.473333333333333	0.4825	0.468	0.428	0.46	0.49	0.443333333333333	0.48
"SAMPLE-54"	0.202	0.226666666666667	0.2725	0.275714285714286	0.242222222222222	0.293333333333333	0.17	0.197777777777778	0.25	0.336666666666667
"SAMPLE-55"	0.33	0.292	0.275	0.25	0.288	0.41	0.305	0.26	0.331666666666667	0.308333333333333
"SAMPLE-56"	0.853	0.872	0.83	0.9	0.85	0.854	0.87	0.841666666666667	0.855	0.854444444444444
"SAMPLE-57"	0.464	0.409	0.37	0.3475	0.358	0.376666666666667	0.413333333333333	0.353333333333333	0.353333333333333	0.35
"SAMPLE-58"	0.75	0.79	0.79	0.82	0.79	0.833333333333333	0.813333333333333	0.811111111111111	0.88	0.834
"SAMPLE-59"	0.175	0.23	0.255	0.264285714285714	0.215555555555556	0.27	0.256666666666667	0.276666666666667	0.205	0.26
"SAMPLE-60"	0.116	0.185	0.11	0.112	0.144444444444444	0.17	0.1325	0.147777777777778	0.0966666666666667	0.2
"SAMPLE-61"	0.7	0.64	0.7	0.68	0.691111111111111	0.67	0.59	0.7225	0.654444444444444	0.65
"SRR5865065"	0.9375	0.943333333333333	0.9075	0.93	0.96	0.905	0.96	0.91	0.93	0.876666666666667
"SRR5865066"	0.72	0.73	0.756	0.72	0.82	0.768333333333333	0.68	0.74	0.71	0.71
"SRR5865067"	0.11	0.18	0.251	0.21	0.188888888888889	0.245	0.193333333333333	0.165	0.14	0.18
"SRR5865068"	0.84	0.816666666666667	0.753333333333333	0.755	0.791666666666667	0.763333333333333	0.833333333333333	0.758333333333333	0.74	0.804
"SRR5865069"	0.456	0.439	0.425	0.335	0.45	0.41	0.426666666666667	0.5225	0.38	0.41
"SRR5865070"	0.35	0.334444444444444	0.31	0.383333333333333	0.302222222222222	0.333333333333333	0.357777777777778	0.353333333333333	0.35	0.306666666666667
"SRR5865071"	0.648	0.685	0.646666666666667	0.685	0.611666666666667	0.73	0.715	0.634444444444444	0.63	0.703333333333333
"SRR5865072"	0.33	0.343333333333333	0.475	0.404	0.426666666666667	0.43	0.36	0.365	0.413333333333333	0.436666666666667
"SRR5865073"	0.64	0.644	0.578333333333333	0.7675	0.63	0.656	0.626666666666667	0.657777777777778	0.61	0.64
"SRR5865074"	0.762	0.816	0.816666666666667	0.7825	0.818888888888889	0.84	0.83	0.84	0.79	0.84
"SRR5865075"	0.63	0.664285714285714	0.6175	0.56	0.624444444444444	0.64	0.61	0.653333333333333	0.61	0.692222222222222
"SRR5865077"	0.41	0.48	0.51	0.548333333333333	0.6	0.48	0.516666666666667	0.476666666666667	0.503333333333333	0.496666666666667
"SRR5865085"	0.68625	0.65	0.649	0.622222222222222	0.652222222222222	0.73	0.673333333333333	0.695	0.681111111111111	0.67
"SRR5865086"	0.825	0.773333333333333	0.731666666666667	0.847142857142857	0.795	0.81	0.763333333333333	0.813333333333333	0.821111111111111	0.82
"SRR5865087"	0.65	0.693333333333333	0.74	0.72	0.72	0.69	0.73	0.75	0.766666666666667	0.786666666666667
"SRR5865096"	0.857	0.835714285714286	0.859	0.848888888888889	0.876	0.853333333333333	0.813333333333333	0.89	0.873333333333333	0.803333333333333
"SRR5865097"	0.8275	0.85	0.841666666666667	0.843333333333333	0.815	0.75	0.825	0.883333333333333	0.8	0.86
"SRR5865098"	0.86	0.863333333333333	0.81	0.83	0.863333333333333	0.876	0.816666666666667	0.9	0.85	0.886
"SRR5865110"	0.39	0.328	0.345	0.353333333333333	0.331111111111111	0.56	0.276666666666667	0.32	0.334444444444444	0.355
"SRR5865111"	0.44	0.473333333333333	0.403333333333333	0.42	0.38	0.49	0.5	0.425555555555556	0.47	0.415
"SRR5865112"	0.88375	0.866666666666667	0.83	0.864	0.903333333333333	0.856666666666667	0.846666666666667	0.88	0.875	0.81
"SRR5865114"	0.422	0.383333333333333	0.345	0.38	0.333333333333333	0.3	0.306666666666667	0.328333333333333	0.378888888888889	0.356666666666667
"SRR5865115"	0.65	0.653333333333333	0.669	0.68	0.666	0.71	0.626666666666667	0.696666666666667	0.656666666666667	0.65
"SRR5865116"	0.764	0.73	0.855	0.73	0.87	0.75	0.78	0.781666666666667	0.775	0.835
"SRR5865120"	0.51	0.41	0.495	0.4	0.436666666666667	0.5	0.49	0.53	0.4	0.436666666666667
"SRR5865121"	0.4075	0.411428571428571	0.46	0.405	0.4	0.348333333333333	0.44	0.408333333333333	0.29	0.377777777777778
"SRR5865122"	0.68	0.69	0.655	0.68	0.78	0.696666666666667	0.705	0.6475	0.7	0.683333333333333
"SRR5865123"	0.72	0.788	0.7125	0.721111111111111	0.73	0.62	0.752222222222222	0.666666666666667	0.703333333333333	0.686
"SRR5865124"	0.55	0.606666666666667	0.67	0.63	0.641666666666667	0.65	0.626666666666667	0.621666666666667	0.6	0.55
"SRR5865125"	0.739	0.716	0.718333333333333	0.71	0.688888888888889	0.686666666666667	0.686666666666667	0.758333333333333	0.71	0.71
"SRR5865126"	0.70125	0.643333333333333	0.628333333333333	0.686666666666667	0.661111111111111	0.705	0.573333333333333	0.656666666666667	0.69	0.585
"SRR5865127"	0.66625	0.647777777777778	0.681	0.62	0.66	0.713333333333333	0.71	0.626666666666667	0.645	0.66
"SRR5865128"	0.53	0.34	0.381666666666667	0.4075	0.41	0.378333333333333	0.436666666666667	0.388888888888889	0.415	0.366
"SRR5865129"	0.257	0.255555555555556	0.38	0.2875	0.327777777777778	0.34	0.305	0.293333333333333	0.28	0.295
"SRR5865130"	0.4775	0.438888888888889	0.521	0.418	0.438888888888889	0.523333333333333	0.396666666666667	0.516666666666667	0.495	0.51
"SRR5865078"	0.7375	0.723333333333333	0.751666666666667	0.82	0.775	0.71	0.8	0.778888888888889	0.83	0.78
"SRR5865079"	0.75875	0.751428571428571	0.715	0.7825	0.774	0.72	0.8	0.726666666666667	0.73	0.71
"SRR5865080"	0.748	0.802	0.72	0.76	0.744444444444444	0.72	0.765	0.745	0.716666666666667	0.635
"SRR5865081"	0.3175	0.288571428571429	0.34	0.353333333333333	0.35	0.276666666666667	0.3	0.29	0.285	0.274
"SRR5865082"	0.875	0.863333333333333	0.843	0.867142857142857	0.882	0.876666666666667	0.863333333333333	0.892222222222222	0.858333333333333	0.843333333333333
"SRR5865083"	0.89875	0.891111111111111	0.909	0.8775	0.906666666666667	0.86	0.896666666666667	0.906666666666667	0.883333333333333	0.866666666666667
"SRR5865084"	0.66	0.565	0.66	0.575	0.634444444444444	0.606	0.58	0.596666666666667	0.611666666666667	0.586666666666667
"SRR5865088"	0.8	0.83	0.74	0.755	0.793333333333333	0.813333333333333	0.766666666666667	0.81	0.763333333333333	0.706666666666667
"SRR5865090"	0.8225	0.745	0.741666666666667	0.735	0.771111111111111	0.7475	0.696666666666667	0.811666666666667	0.72	0.76
"SRR5865091"	0.75	0.66	0.706666666666667	0.74	0.723333333333333	0.71	0.68	0.68	0.786666666666667	0.723333333333333
"SRR5865092"	0.92	0.942	0.945	0.925	0.937777777777778	0.85	0.9275	0.93	0.911666666666667	0.905
"SRR5865093"	0.875	0.875	0.85	0.8925	0.91	0.904	0.856666666666667	0.867777777777778	0.85	0.845
"SRR5865094"	0.79	0.834	0.786666666666667	0.82	0.75	0.82	0.856666666666667	0.826666666666667	0.77	0.776666666666667
"SRR5865095"	0.682	0.718333333333333	0.635	0.608	0.65	0.678	0.706666666666667	0.676666666666667	0.683333333333333	0.62
"SRR5865099"	0.74	0.7	0.62	0.73	0.77	0.7125	0.76	0.723333333333333	0.786666666666667	0.721666666666667
"SRR5865100"	0.615	0.664	0.64	0.655	0.592222222222222	0.59	0.68	0.7075	0.66	0.63
"SRR5865101"	0.677	0.736	0.63	0.6625	0.683333333333333	0.703333333333333	0.6	0.641666666666667	0.71	0.68
"SRR5865102"	0.285	0.29	0.423	0.305	0.31	0.32	0.293333333333333	0.316666666666667	0.265	0.325
"SRR5865103"	0.68	0.616666666666667	0.66	0.695	0.624444444444444	0.651666666666667	0.586666666666667	0.637777777777778	0.625	0.71
"SRR5865104"	0.766	0.765	0.82	0.785	0.813333333333333	0.74	0.796666666666667	0.81	0.83	0.793333333333333
"SRR5865105"	0.405	0.47	0.472	0.39	0.401111111111111	0.63	0.435	0.45	0.516666666666667	0.456
"SRR5865107"	0.81	0.89	0.793333333333333	0.795	0.77	0.8	0.79	0.866666666666667	0.823333333333333	0.785
"SRR5865108"	0.712	0.713333333333333	0.67	0.798	0.815555555555556	0.75	0.723333333333333	0.778333333333333	0.85	0.866666666666667
"SRR5865109"	0.558	0.573333333333333	0.52	0.59	0.59	0.66	0.644444444444444	0.63	0.675	0.62
"SRR5865117"	0.35	0.528888888888889	0.395	0.461428571428571	0.47	0.45	0.51	0.443333333333333	0.543333333333333	0.4
"SRR5865118"	0.66	0.633333333333333	0.68	0.705	0.6	0.756666666666667	0.674444444444444	0.697777777777778	0.691666666666667	0.685
"SRR5865119"	0.5675	0.466666666666667	0.6	0.57	0.525555555555556	0.602	0.53	0.488333333333333	0.546666666666667	0.575
"SRR5865131"	0.59	0.64	0.691666666666667	0.65	0.706666666666667	0.65	0.686666666666667	0.666666666666667	0.705	0.74
"SRR5865132"	0.756	0.742857142857143	0.749	0.745555555555556	0.735	0.783333333333333	0.73	0.731666666666667	0.745	0.765555555555556
"SRR5865133"	0.53	0.385555555555556	0.47	0.392857142857143	0.41	0.388	0.375	0.415	0.36	0.446666666666667
"SRR5865134"	0.64	0.675	0.656666666666667	0.69	0.7	0.65	0.693333333333333	0.6	0.6	0.68
"SRR5865135"	0.212	0.31	0.29	0.291111111111111	0.24	0.306666666666667	0.27	0.315	0.316666666666667	0.275
"ERR1624539"	0.34125	0.366666666666667	0.355	0.38	0.395	0.321666666666667	0.403333333333333	0.324444444444444	0.405	0.315
"ERR1624542"	0.36	0.397777777777778	0.4375	0.416666666666667	0.391111111111111	0.402	0.42	0.455	0.38	0.421666666666667
"ERR1624545"	0.622	0.63	0.555	0.7025	0.64	0.685	0.603333333333333	0.685	0.645	0.633333333333333
"ERR1624547"	0.278	0.312	0.355	0.235	0.314	0.35	0.274444444444444	0.286666666666667	0.253333333333333	0.29
"ERR1624549"	0.32	0.414444444444444	0.426666666666667	0.35	0.4	0.4	0.463333333333333	0.291666666666667	0.365	0.34
"ERR1624550"	0.3125	0.381111111111111	0.34	0.343333333333333	0.344444444444444	0.39	0.43	0.3275	0.37	0.42
"ERR1624552"	0.55875	0.554285714285714	0.606666666666667	0.594	0.66	0.6	0.607777777777778	0.632222222222222	0.598888888888889	0.67
"ERR1624553"	0.198	0.0833333333333333	0.205	0.157777777777778	0.24	0.275	0.14	0.195	0.204444444444444	0.19
"ERR1624554"	0.35	0.317142857142857	0.293333333333333	0.356666666666667	0.38	0.353333333333333	0.285	0.385	0.325	0.402222222222222
"ERR1624555"	0.26	0.27	0.235	0.32	0.27	0.246666666666667	0.26	0.235	0.283333333333333	0.335
"ERR1624556"	0.682	0.75	0.773333333333333	0.774285714285714	0.723333333333333	0.773333333333333	0.767777777777778	0.773333333333333	0.77	0.79
"ERR1624559"	0.802	0.82	0.805	0.792857142857143	0.86	0.773333333333333	0.8775	0.825	0.781666666666667	0.801111111111111
"ERR1624560"	0.7925	0.752222222222222	0.783333333333333	0.755	0.781666666666667	0.76	0.785	0.7225	0.766666666666667	0.775
"ERR1624562"	0.81	0.763333333333333	0.78	0.7775	0.774444444444444	0.81	0.86	0.745	0.82	0.793333333333333
"ERR1624564"	0.775	0.778888888888889	0.67	0.66	0.77	0.7	0.793333333333333	0.7525	0.73	0.77
"ERR1624565"	0.424	0.438333333333333	0.395	0.44	0.461666666666667	0.463333333333333	0.36	0.433333333333333	0.485	0.38
"ERR1624567"	0.525	0.47	0.455	0.606666666666667	0.54	0.525	0.506666666666667	0.557777777777778	0.485	0.61
"ERR1624570"	0.368	0.436666666666667	0.358	0.344285714285714	0.5	0.404	0.376666666666667	0.434444444444444	0.425	0.435
"ERR1624536"	0.14375	0.213333333333333	0.203333333333333	0.204	0.165	0.27	0.213333333333333	0.151666666666667	0.213333333333333	0.273333333333333
"ERR1624537"	0.34	0.364444444444444	0.356	0.315	0.336666666666667	0.302	0.3	0.325	0.273333333333333	0.335
"ERR1624538"	0.28625	0.331	0.3	0.27	0.304444444444444	0.38	0.303333333333333	0.295	0.33	0.278
"ERR1624540"	0.42	0.342222222222222	0.376666666666667	0.433333333333333	0.45	0.4325	0.395	0.425	0.395	0.41
"ERR1624541"	0.15	0.161111111111111	0.19	0.191666666666667	0.162	0.255	0.221111111111111	0.1775	0.155	0.05
"ERR1624543"	0.372	0.363333333333333	0.34	0.352857142857143	0.291111111111111	0.361666666666667	0.325555555555556	0.295555555555556	0.32	0.315
"ERR1624544"	0.655	0.628888888888889	0.61	0.653333333333333	0.57	0.69	0.65	0.617777777777778	0.61	0.6
"ERR1624546"	0.32125	0.385	0.36	0.23	0.354444444444444	0.3	0.316666666666667	0.333333333333333	0.32	0.374444444444444
"ERR1624548"	0.3	0.376	0.371666666666667	0.335714285714286	0.311666666666667	0.3875	0.3	0.39	0.295	0.293333333333333
"ERR1624551"	0.30875	0.308571428571429	0.3225	0.33	0.28	0.194	0.216666666666667	0.29	0.31	0.295
"ERR1624557"	0.275	0.321428571428571	0.256666666666667	0.29	0.276	0.31	0.342222222222222	0.355555555555556	0.42	0.363333333333333
"ERR1624558"	0.78	0.727777777777778	0.685	0.713333333333333	0.78	0.73	0.77	0.79	0.643333333333333	0.72
"ERR1624561"	0.59	0.536666666666667	0.64	0.5675	0.554444444444444	0.65	0.586666666666667	0.56	0.66	0.488
"ERR1624563"	0.494	0.44	0.433333333333333	0.385	0.45	0.483333333333333	0.475	0.473333333333333	0.418333333333333	0.376
"ERR1624566"	0.28	0.22	0.308333333333333	0.25	0.297777777777778	0.24	0.357777777777778	0.321111111111111	0.238333333333333	0.32
"ERR1624568"	0.42	0.378	0.5	0.491111111111111	0.55	0.376666666666667	0.323333333333333	0.401111111111111	0.443333333333333	0.483333333333333
"ERR1624569"	0.66375	0.695555555555556	0.67	0.565	0.61	0.606666666666667	0.59	0.688333333333333	0.666666666666667	0.623333333333333
"ERR1624571"	0.795	0.71	0.645	0.727777777777778	0.745555555555556	0.79	0.723333333333333	0.731666666666667	0.765	0.695
"ERR1624572"	0.69	0.593333333333333	0.7	0.69	0.633333333333333	0.654	0.656666666666667	0.656666666666667	0.67	0.625
"ERR1624573"	0.71	0.67	0.69	0.681428571428571	0.678	0.652	0.666666666666667	0.726666666666667	0.633333333333333	0.64
