bugName	pval	p6M	s6M	Adjustedpval	Adjustedp6M
Bacteria_Firmicutes_Clostridia_Clostridiales_Lachnospiraceae_Roseburia_199	0.000478533229214317	0.000478533229214321	0.830479483425512	0.189164299878205	0.189164299878196
Bacteria_Firmicutes_Clostridia_Clostridiales_Lachnospiraceae_NA_148	0.000696737752774235	0.000696737752774203	-0.743348619349566	0.189164299878205	0.189164299878196
Bacteria_Firmicutes_Clostridia_Clostridiales_Lachnospiraceae_NA_211	0.00891060730041415	0.00891060730041415	0.586784376249915	0.547521985114289	0.54752198511429
Bacteria_Firmicutes_Bacilli_Lactobacillales_Carnobacteriaceae_Granulicatella_661	0.0109070834273508	0.0109070834273507	0.384665155465232	0.547521985114289	0.54752198511429
Bacteria_Firmicutes_Bacilli_Bacillales_Family_XI_Gemella_709	0.0109536860657335	0.0109536860657335	0.403030118318366	0.547521985114289	0.54752198511429
Bacteria_Actinobacteria_Coriobacteriia_Coriobacteriales_Coriobacteriaceae_Collinsella_16	0.0112302750677586	0.0112302750677586	0.446010498050595	0.547521985114289	0.54752198511429
Bacteria_Firmicutes_Bacilli_Lactobacillales_Streptococcaceae_Streptococcus_331	0.0116829104703448	0.0116829104703448	0.565928650314405	0.547521985114289	0.54752198511429
Bacteria_Actinobacteria_Actinobacteria_Micrococcales_Micrococcaceae_Rothia_1254	0.0119547646166874	0.0119547646166874	0.335049734667842	0.547521985114289	0.54752198511429
Bacteria_Firmicutes_Clostridia_Clostridiales_Ruminococcaceae_Faecalibacterium_29	0.0126625213241046	0.0126625213241046	-0.676821920642368	0.547521985114289	0.54752198511429
Bacteria_Proteobacteria_Gammaproteobacteria_Enterobacteriales_Enterobacteriaceae_Escherichia/Shigella_28	0.0131506079528092	0.0131506079528092	0.83822117048655	0.547521985114289	0.54752198511429
Bacteria_Firmicutes_Clostridia_Clostridiales_Lachnospiraceae_Tyzzerella_3_1003	0.0173444436322912	0.0173444436322912	-0.280074005676544	0.547521985114289	0.54752198511429
Bacteria_Bacteroidetes_Bacteroidia_Bacteroidales_Rikenellaceae_Alistipes_707	0.0174488804259338	0.0174488804259338	0.337986523698318	0.547521985114289	0.54752198511429
Bacteria_Firmicutes_Clostridia_Clostridiales_Ruminococcaceae_Ruminococcaceae_UCG-004_96	0.019543513282394	0.0195435132823941	0.408197554568247	0.547521985114289	0.54752198511429
Bacteria_Firmicutes_Bacilli_Lactobacillales_Streptococcaceae_Streptococcus_733	0.0224607214283747	0.0224607214283747	0.203954192306288	0.547521985114289	0.54752198511429
Bacteria_Firmicutes_Erysipelotrichia_Erysipelotrichales_Erysipelotrichaceae_Turicibacter_57	0.0228886062543676	0.0228886062543677	-0.610114438854837	0.547521985114289	0.54752198511429
Bacteria_Firmicutes_Clostridia_Clostridiales_Lachnospiraceae_NA_245	0.0229612522337341	0.0229612522337342	-0.351512747893203	0.547521985114289	0.54752198511429
Bacteria_Firmicutes_Bacilli_Lactobacillales_Streptococcaceae_Streptococcus_551	0.0232476582423029	0.0232476582423029	0.402710113090557	0.547521985114289	0.54752198511429
Bacteria_Firmicutes_Clostridia_Clostridiales_Ruminococcaceae_Faecalibacterium_177	0.0251071978944351	0.025107197894435	-0.413465118558378	0.547521985114289	0.54752198511429
Bacteria_Firmicutes_Bacilli_Lactobacillales_Streptococcaceae_Streptococcus_3	0.0253185709033177	0.0253185709033176	0.661242798658662	0.547521985114289	0.54752198511429
Bacteria_Firmicutes_Bacilli_Lactobacillales_Streptococcaceae_Streptococcus_681	0.0255102708195798	0.0255102708195798	0.321996480713968	0.547521985114289	0.54752198511429
Bacteria_Firmicutes_Erysipelotrichia_Erysipelotrichales_Erysipelotrichaceae_Erysipelotrichaceae_UCG-003_184	0.0257476018288239	0.0257476018288239	-0.291952234854388	0.547521985114289	0.54752198511429
Bacteria_Firmicutes_Clostridia_Clostridiales_Lachnospiraceae_Blautia_8	0.0258376635447726	0.0258376635447726	-0.505488227540327	0.547521985114289	0.54752198511429
Bacteria_Firmicutes_Bacilli_Lactobacillales_Streptococcaceae_Streptococcus_297	0.0261997237168705	0.0261997237168705	0.448596930199949	0.547521985114289	0.54752198511429
Bacteria_Actinobacteria_Actinobacteria_Bifidobacteriales_Bifidobacteriaceae_Alloscardovia_1612	0.0264303913424079	0.0264303913424079	0.225565798334634	0.547521985114289	0.54752198511429
Bacteria_Firmicutes_Clostridia_Clostridiales_Peptostreptococcaceae_Intestinibacter_86	0.0270009059757468	0.0270009059757468	-0.587673905361328	0.547521985114289	0.54752198511429
Bacteria_Firmicutes_Clostridia_Clostridiales_Family_XIII_NA_1603	0.0272265807446648	0.0272265807446648	0.212939646157795	0.547521985114289	0.54752198511429
Bacteria_Firmicutes_Bacilli_Lactobacillales_Streptococcaceae_Streptococcus_50	0.0278852841923749	0.0278852841923749	0.707886297852694	0.547521985114289	0.54752198511429
Bacteria_Firmicutes_Clostridia_Clostridiales_Lachnospiraceae_NA_181	0.0282331778696134	0.0282331778696135	-0.356313968941802	0.547521985114289	0.54752198511429
Bacteria_Bacteroidetes_Bacteroidia_Bacteroidales_Bacteroidaceae_Bacteroides_375	0.0327450717330268	0.0327450717330268	-0.320162083001212	0.548250840860802	0.548250840860802
Bacteria_Firmicutes_Clostridia_Clostridiales_Ruminococcaceae_Faecalibacterium_87	0.0358058891384399	0.0358058891384398	-0.400289305004104	0.548250840860802	0.548250840860802
Bacteria_Firmicutes_Clostridia_Clostridiales_Lachnospiraceae_NA_195	0.0368784439755656	0.0368784439755656	-0.484465603419861	0.548250840860802	0.548250840860802
Bacteria_Firmicutes_Clostridia_Clostridiales_Ruminococcaceae_Ruminococcaceae_NK4A214_group_264	0.0374631641672876	0.0374631641672876	0.314522788332137	0.548250840860802	0.548250840860802
Bacteria_Firmicutes_Clostridia_Clostridiales_Christensenellaceae_Christensenellaceae_R-7_group_356	0.0413783719776011	0.041378371977601	-0.298296615060646	0.548250840860802	0.548250840860802
Bacteria_Firmicutes_Bacilli_Lactobacillales_Streptococcaceae_Streptococcus_489	0.0427024376435121	0.0427024376435121	0.381607394789155	0.548250840860802	0.548250840860802
Bacteria_Firmicutes_Clostridia_Clostridiales_Lachnospiraceae_Lachnospiraceae_FCS020_group_1091	0.0430760742243705	0.0430760742243706	0.280334769708809	0.548250840860802	0.548250840860802
Bacteria_Firmicutes_Bacilli_Lactobacillales_Streptococcaceae_Streptococcus_365	0.0445365981151129	0.0445365981151129	0.342822173208107	0.548250840860802	0.548250840860802
Bacteria_Firmicutes_Bacilli_Lactobacillales_Streptococcaceae_Streptococcus_1	0.0445998942609855	0.0445998942609855	0.587009401391589	0.548250840860802	0.548250840860802
Bacteria_Firmicutes_Bacilli_Lactobacillales_Streptococcaceae_Streptococcus_461	0.0446441213213108	0.0446441213213108	0.384206474490377	0.548250840860802	0.548250840860802
Bacteria_Bacteroidetes_Bacteroidia_Bacteroidales_Bacteroidaceae_Bacteroides_2498	0.0450539301070126	0.0450539301070126	0.140513472302314	0.548250840860802	0.548250840860802
Bacteria_Firmicutes_Bacilli_Lactobacillales_Streptococcaceae_Streptococcus_506	0.0470945225369481	0.0470945225369482	0.358867696511181	0.548250840860802	0.548250840860802
Bacteria_Firmicutes_Clostridia_Clostridiales_Lachnospiraceae_NA_175	0.048212367025134	0.0482123670251339	-0.290711303403925	0.548250840860802	0.548250840860802
Bacteria_Firmicutes_Clostridia_Clostridiales_Ruminococcaceae_Faecalibacterium_300	0.0488950554330559	0.0488950554330559	-0.367459523206457	0.548250840860802	0.548250840860802
Bacteria_Firmicutes_Bacilli_Lactobacillales_Lactobacillaceae_Lactobacillus_2263	0.0494349431886707	0.0494349431886707	-0.157233849055601	0.548250840860802	0.548250840860802
Bacteria_Actinobacteria_Actinobacteria_Bifidobacteriales_Bifidobacteriaceae_Bifidobacterium_169	0.0499042519601685	0.0499042519601685	-0.443634866008571	0.548250840860802	0.548250840860802
Bacteria_Proteobacteria_Gammaproteobacteria_Enterobacteriales_Enterobacteriaceae_Raoultella_7	0.0509341534389305	0.0509341534389304	0.689066217317089	0.548250840860802	0.548250840860802
Bacteria_Firmicutes_Clostridia_Clostridiales_Ruminococcaceae_Ruminiclostridium_9_1706	0.0510022800094896	0.0510022800094895	0.187450229650311	0.548250840860802	0.548250840860802
Bacteria_Firmicutes_Clostridia_Clostridiales_Lachnospiraceae_Dorea_311	0.0521837741615195	0.0521837741615195	-0.296968574823491	0.548250840860802	0.548250840860802
Bacteria_Firmicutes_Clostridia_Clostridiales_Ruminococcaceae_Subdoligranulum_240	0.0521957458283482	0.0521957458283481	0.145284483684076	0.548250840860802	0.548250840860802
Bacteria_Firmicutes_Clostridia_Clostridiales_Family_XIII_Family_XIII_AD3011_group_930	0.0524391832636728	0.0524391832636727	0.272053837084178	0.548250840860802	0.548250840860802
Bacteria_Firmicutes_Clostridia_Clostridiales_Ruminococcaceae_Subdoligranulum_271	0.0527801211556117	0.0527801211556117	-0.276562356631496	0.548250840860802	0.548250840860802
Bacteria_Firmicutes_Bacilli_Lactobacillales_Streptococcaceae_Streptococcus_767	0.0544420802407261	0.0544420802407261	0.282282075852834	0.548250840860802	0.548250840860802
Bacteria_Actinobacteria_Actinobacteria_Bifidobacteriales_Bifidobacteriaceae_Bifidobacterium_81	0.0552318153603766	0.0552318153603765	-0.213154394914734	0.548250840860802	0.548250840860802
Bacteria_Firmicutes_Clostridia_Clostridiales_Ruminococcaceae_Ruminococcus_1_26	0.055588863176163	0.055588863176163	0.472551149240249	0.548250840860802	0.548250840860802
Bacteria_Firmicutes_Bacilli_Lactobacillales_Streptococcaceae_Streptococcus_121	0.0558288472715609	0.0558288472715608	0.543742662745539	0.548250840860802	0.548250840860802
Bacteria_Bacteroidetes_Bacteroidia_Bacteroidales_Bacteroidaceae_Bacteroides_178	0.0570999701424963	0.0570999701424963	-0.266049242326976	0.548250840860802	0.548250840860802
Bacteria_Firmicutes_Clostridia_Clostridiales_Lachnospiraceae_Lachnoclostridium_659	0.0572837064430267	0.0572837064430267	0.309019356404833	0.548250840860802	0.548250840860802
Bacteria_Bacteroidetes_Bacteroidia_Bacteroidales_Porphyromonadaceae_Parabacteroides_98	0.0575511932395317	0.0575511932395317	-0.325217839202419	0.548250840860802	0.548250840860802
Bacteria_Firmicutes_Bacilli_Lactobacillales_Streptococcaceae_Streptococcus_980	0.058877649776904	0.058877649776904	0.228878136807956	0.551216617738946	0.551216617738946
Bacteria_Firmicutes_Clostridia_Clostridiales_Ruminococcaceae_Ruminococcaceae_UCG-003_440	0.0602557703474677	0.0602557703474676	0.259898104526346	0.554557344045338	0.554557344045338
Bacteria_Firmicutes_Clostridia_Clostridiales_Peptostreptococcaceae_Terrisporobacter_157	0.0671765185517212	0.0671765185517212	-0.263896505431656	0.600128017328953	0.600128017328953
Bacteria_Firmicutes_Clostridia_Clostridiales_Ruminococcaceae_Subdoligranulum_134	0.0675002266876146	0.0675002266876145	-0.493622880164011	0.600128017328953	0.600128017328953
Bacteria_Firmicutes_Bacilli_Lactobacillales_Streptococcaceae_Streptococcus_1585	0.0694617866056542	0.0694617866056542	0.202257842470219	0.600128017328953	0.600128017328953
Bacteria_Firmicutes_Clostridia_Clostridiales_Christensenellaceae_Christensenellaceae_R-7_group_660	0.0700395032578558	0.0700395032578559	-0.226503972458709	0.600128017328953	0.600128017328953
Bacteria_Firmicutes_Clostridia_Clostridiales_Lachnospiraceae_Fusicatenibacter_171	0.0707333206428232	0.0707333206428232	-0.0843896518413627	0.600128017328953	0.600128017328953
Bacteria_Firmicutes_Clostridia_Clostridiales_Lachnospiraceae_Dorea_417	0.0724355900100525	0.0724355900100525	-0.381736739946739	0.603658121304774	0.603658121304774
Bacteria_Firmicutes_Bacilli_Lactobacillales_Streptococcaceae_Streptococcus_328	0.0751829020120991	0.075182902012099	0.318536906712412	0.603658121304774	0.603658121304774
Bacteria_Firmicutes_Bacilli_Lactobacillales_Enterococcaceae_Enterococcus_114	0.0760983547840175	0.0760983547840175	0.367027642061276	0.603658121304774	0.603658121304774
Bacteria_Proteobacteria_Deltaproteobacteria_Desulfovibrionales_Desulfovibrionaceae_Bilophila_357	0.0763892661661009	0.0763892661661009	0.338699287328215	0.603658121304774	0.603658121304774
Bacteria_Bacteroidetes_Bacteroidia_Bacteroidales_Rikenellaceae_Alistipes_208	0.0767079380663525	0.0767079380663525	0.287007236277167	0.603658121304774	0.603658121304774
Bacteria_Firmicutes_Bacilli_Lactobacillales_Streptococcaceae_Streptococcus_1443	0.0820200660557714	0.0820200660557714	0.173507575179602	0.61264426810633	0.61264426810633
Bacteria_Bacteroidetes_Bacteroidia_Bacteroidales_Bacteroidaceae_Bacteroides_202	0.0852657001136327	0.0852657001136327	-0.217220406524382	0.61264426810633	0.61264426810633
Bacteria_Firmicutes_Clostridia_Clostridiales_Ruminococcaceae_Faecalibacterium_429	0.086979811585586	0.086979811585586	0.231869204048414	0.61264426810633	0.61264426810633
Bacteria_Firmicutes_Clostridia_Clostridiales_Peptostreptococcaceae_Terrisporobacter_413	0.0878392853493064	0.0878392853493064	-0.205810489680208	0.61264426810633	0.61264426810633
Bacteria_Firmicutes_Clostridia_Clostridiales_Lachnospiraceae_Dorea_36	0.0878673154144103	0.0878673154144103	-0.35235465670758	0.61264426810633	0.61264426810633
Bacteria_Firmicutes_Clostridia_Clostridiales_Ruminococcaceae_NA_1129	0.0886071213809818	0.0886071213809818	0.224545964265772	0.61264426810633	0.61264426810633
Bacteria_Bacteroidetes_Bacteroidia_Bacteroidales_Porphyromonadaceae_Odoribacter_950	0.0887783636283761	0.0887783636283761	-0.237474671164745	0.61264426810633	0.61264426810633
Bacteria_Firmicutes_Clostridia_Clostridiales_Lachnospiraceae_Anaerostipes_323	0.0898711839251567	0.0898711839251567	-0.280414342085084	0.61264426810633	0.61264426810633
Bacteria_Firmicutes_Clostridia_Clostridiales_Christensenellaceae_Christensenellaceae_R-7_group_430	0.090214284316487	0.090214284316487	-0.254606785932241	0.61264426810633	0.61264426810633
Bacteria_Firmicutes_Clostridia_Clostridiales_Ruminococcaceae_Ruminococcaceae_UCG-014_658	0.0908652315395474	0.0908652315395474	-0.306357060419675	0.61264426810633	0.61264426810633
Bacteria_Firmicutes_Bacilli_Lactobacillales_Streptococcaceae_Streptococcus_878	0.0933643221884367	0.0933643221884367	0.13378791189132	0.61264426810633	0.61264426810633
Bacteria_Firmicutes_Bacilli_Lactobacillales_Streptococcaceae_Streptococcus_1030	0.0947480715806432	0.0947480715806433	0.192131160922525	0.61264426810633	0.61264426810633
Bacteria_Actinobacteria_Coriobacteriia_Coriobacteriales_Coriobacteriaceae_NA_459	0.0951143746388273	0.0951143746388273	-0.0320466844008174	0.61264426810633	0.61264426810633
Bacteria_Firmicutes_Clostridia_Clostridiales_Lachnospiraceae_Blautia_168	0.0952507400685845	0.0952507400685844	-0.25350053438664	0.61264426810633	0.61264426810633
Bacteria_Actinobacteria_Coriobacteriia_Coriobacteriales_Coriobacteriaceae_Slackia_556	0.0964094707858145	0.0964094707858145	0.20800080369345	0.61264426810633	0.61264426810633
Bacteria_Firmicutes_Clostridia_Clostridiales_Lachnospiraceae_NA_49	0.0985447467876659	0.0985447467876659	-0.469216297761065	0.61264426810633	0.61264426810633
Bacteria_Firmicutes_Clostridia_Clostridiales_Lachnospiraceae_Blautia_160	0.0991269874065767	0.0991269874065766	0.405129313901176	0.61264426810633	0.61264426810633
Bacteria_Firmicutes_Bacilli_Lactobacillales_Enterococcaceae_Enterococcus_65	0.0993590523471812	0.0993590523471812	0.463889114386541	0.61264426810633	0.61264426810633
Bacteria_Proteobacteria_Deltaproteobacteria_Desulfovibrionales_Desulfovibrionaceae_Bilophila_579	0.101164243180719	0.101164243180719	-0.220788222479736	0.61264426810633	0.61264426810633
Bacteria_Firmicutes_Clostridia_Clostridiales_Ruminococcaceae_Subdoligranulum_383	0.102209117897425	0.102209117897425	-0.275258093728847	0.61264426810633	0.61264426810633
Bacteria_Firmicutes_Clostridia_Clostridiales_Lachnospiraceae_NA_45	0.103088607418175	0.103088607418175	-0.5322624278611	0.61264426810633	0.61264426810633
Bacteria_Firmicutes_Clostridia_Clostridiales_Lachnospiraceae_Blautia_209	0.103381631384335	0.103381631384335	-0.383887480990712	0.61264426810633	0.61264426810633
Bacteria_Firmicutes_Erysipelotrichia_Erysipelotrichales_Erysipelotrichaceae_Faecalitalea_303	0.104509431385527	0.104509431385527	-0.10569343969334	0.61264426810633	0.61264426810633
Bacteria_Firmicutes_Clostridia_Clostridiales_Ruminococcaceae_Ruminiclostridium_5_1138	0.106592003566737	0.106592003566737	-0.121781999760025	0.61264426810633	0.61264426810633
Bacteria_Firmicutes_Clostridia_Clostridiales_Family_XIII_Family_XIII_AD3011_group_1310	0.106954263477583	0.106954263477583	-0.164724066927968	0.61264426810633	0.61264426810633
Bacteria_Firmicutes_Clostridia_Clostridiales_Lachnospiraceae_Anaerostipes_543	0.107454701027733	0.107454701027733	-0.162807500903897	0.61264426810633	0.61264426810633
Bacteria_Bacteroidetes_Bacteroidia_Bacteroidales_Porphyromonadaceae_Barnesiella_797	0.10831279878123	0.10831279878123	-0.189202355862745	0.61264426810633	0.61264426810633
Bacteria_Firmicutes_Clostridia_Clostridiales_Ruminococcaceae_Ruminococcaceae_UCG-002_802	0.11045487876902	0.11045487876902	-0.230009743771814	0.61831957908843	0.61831957908843
Bacteria_Firmicutes_Clostridia_Clostridiales_Ruminococcaceae_Ruminococcaceae_UCG-013_312	0.11191083177663	0.11191083177663	0.248625327541458	0.620077363823572	0.620077363823572
Bacteria_Firmicutes_Clostridia_Clostridiales_Lachnospiraceae_NA_867	0.113608873348541	0.113608873348541	-0.167676460138196	0.623127456851091	0.623127456851091
Bacteria_Firmicutes_Clostridia_Clostridiales_Ruminococcaceae_Ruminococcaceae_UCG-002_951	0.115425744399934	0.115425744399934	0.154605625501182	0.623189188269598	0.623189188269598
Bacteria_Firmicutes_Clostridia_Clostridiales_Lachnospiraceae_NA_321	0.116945430313216	0.116945430313216	0.298215412401405	0.623189188269598	0.623189188269598
Bacteria_Firmicutes_Clostridia_Clostridiales_Lachnospiraceae_NA_307	0.117063162437383	0.117063162437383	-0.340978554250419	0.623189188269598	0.623189188269598
Bacteria_Actinobacteria_Actinobacteria_Bifidobacteriales_Bifidobacteriaceae_Bifidobacterium_501	0.120459637082518	0.120459637082518	0.174770108651752	0.633717652444612	0.633717652444613
Bacteria_Firmicutes_Clostridia_Clostridiales_Ruminococcaceae_Ruminococcaceae_UCG-002_210	0.122776251266259	0.122776251266259	0.279061898088133	0.633717652444612	0.633717652444613
Bacteria_Firmicutes_Clostridia_Clostridiales_Ruminococcaceae_Subdoligranulum_66	0.122845565821819	0.122845565821819	0.305604411255255	0.633717652444612	0.633717652444613
Bacteria_Actinobacteria_Actinobacteria_Micrococcales_Micrococcaceae_Rothia_1576	0.126128252796665	0.126128252796665	0.177235857898208	0.633717652444612	0.633717652444613
Bacteria_Bacteroidetes_Bacteroidia_Bacteroidales_Bacteroidaceae_Bacteroides_533	0.126689171461157	0.126689171461157	0.175976888475719	0.633717652444612	0.633717652444613
Bacteria_Firmicutes_Clostridia_Clostridiales_Clostridiaceae_1_Clostridium_sensu_stricto_1_47	0.127755553718215	0.127755553718215	-0.441445409828452	0.633717652444612	0.633717652444613
Bacteria_Firmicutes_Clostridia_Clostridiales_Ruminococcaceae_Faecalibacterium_176	0.127784618254037	0.127784618254037	-0.322925038117313	0.633717652444612	0.633717652444613
Bacteria_Firmicutes_Clostridia_Clostridiales_Lachnospiraceae_Fusicatenibacter_69	0.12837742498878	0.12837742498878	-0.334425102430893	0.633717652444612	0.633717652444613
Bacteria_Proteobacteria_Gammaproteobacteria_Enterobacteriales_Enterobacteriaceae_Escherichia/Shigella_42	0.130805125359746	0.130805125359746	0.318489185329965	0.639884532165245	0.639884532165245
Bacteria_Actinobacteria_Actinobacteria_Bifidobacteriales_Bifidobacteriaceae_Bifidobacterium_221	0.132341601137342	0.132341601137342	0.336065345223856	0.641620441228365	0.641620441228366
Bacteria_Proteobacteria_Betaproteobacteria_Burkholderiales_Alcaligenaceae_Sutterella_185	0.134157520485257	0.134157520485257	0.310524966475347	0.64466843914597	0.64466843914597
Bacteria_Bacteroidetes_Bacteroidia_Bacteroidales_Bacteroidaceae_Bacteroides_196	0.139585872897842	0.139585872897842	-0.26191328214587	0.66043755628526	0.66043755628526
Bacteria_Firmicutes_Clostridia_Clostridiales_Ruminococcaceae_Faecalibacterium_680	0.141065051090232	0.141065051090232	-0.177771093742513	0.66043755628526	0.66043755628526
Bacteria_Firmicutes_Clostridia_Clostridiales_Ruminococcaceae_Ruminococcus_2_39	0.141087949409006	0.141087949409006	-0.32902516243996	0.66043755628526	0.66043755628526
Bacteria_Firmicutes_Clostridia_Clostridiales_Lachnospiraceae_Roseburia_147	0.14466316394079	0.14466316394079	0.303175873157865	0.665818577099109	0.665818577099109
Bacteria_Firmicutes_Clostridia_Clostridiales_Lachnospiraceae_Anaerostipes_35	0.144689856533508	0.144689856533508	-0.436343379327325	0.665818577099109	0.665818577099109
Bacteria_Firmicutes_Bacilli_Lactobacillales_Streptococcaceae_Streptococcus_138	0.147485955188198	0.147485955188197	-0.259623818723176	0.672982131657069	0.672982131657069
Bacteria_Firmicutes_Clostridia_Clostridiales_Ruminococcaceae_NA_1270	0.150929678689607	0.150929678689607	-0.185627575536411	0.681646069095288	0.681646069095287
Bacteria_Firmicutes_Clostridia_Clostridiales_Ruminococcaceae_Subdoligranulum_509	0.151895348730257	0.151895348730257	0.114121100417331	0.681646069095288	0.681646069095287
Bacteria_Firmicutes_Clostridia_Clostridiales_Ruminococcaceae_NA_142	0.154665224766461	0.154665224766461	-0.201424992691982	0.684012421523661	0.684012421523661
Bacteria_Firmicutes_Clostridia_Clostridiales_Ruminococcaceae_Ruminococcaceae_UCG-005_607	0.155940832247959	0.155940832247959	0.230907132749388	0.684012421523661	0.684012421523661
Bacteria_Firmicutes_Bacilli_Lactobacillales_Streptococcaceae_Streptococcus_369	0.158048848945058	0.158048848945058	0.20360249767772	0.684012421523661	0.684012421523661
Bacteria_Firmicutes_Clostridia_Clostridiales_Lachnospiraceae_Roseburia_491	0.161205059195365	0.161205059195365	0.23662712884621	0.684012421523661	0.684012421523661
Bacteria_Firmicutes_Bacilli_Lactobacillales_Streptococcaceae_Streptococcus_714	0.16145652087879	0.16145652087879	0.178933834885691	0.684012421523661	0.684012421523661
Bacteria_Bacteroidetes_Bacteroidia_Bacteroidales_Bacteroidaceae_Bacteroides_791	0.16598602399901	0.16598602399901	-0.119286074431935	0.684012421523661	0.684012421523661
Bacteria_Firmicutes_Clostridia_Clostridiales_Christensenellaceae_Christensenellaceae_R-7_group_584	0.168105150536685	0.168105150536685	-0.143704772219363	0.684012421523661	0.684012421523661
Bacteria_Firmicutes_Clostridia_Clostridiales_Lachnospiraceae_Anaerostipes_380	0.168698680717445	0.168698680717445	-0.231484286827546	0.684012421523661	0.684012421523661
Bacteria_Firmicutes_Clostridia_Clostridiales_Lachnospiraceae_NA_384	0.169346111732476	0.169346111732476	-0.215677595588881	0.684012421523661	0.684012421523661
Bacteria_Bacteroidetes_Bacteroidia_Bacteroidales_Bacteroidales_S24-7_group_NA_48	0.169372910410254	0.169372910410254	0.0236517694805291	0.684012421523661	0.684012421523661
Bacteria_Firmicutes_Clostridia_Clostridiales_Ruminococcaceae_Faecalibacterium_341	0.169708410012536	0.169708410012536	-0.165866894713335	0.684012421523661	0.684012421523661
Bacteria_Firmicutes_Clostridia_Clostridiales_Lachnospiraceae_NA_590	0.171476744973957	0.171476744973957	0.178557219720146	0.684012421523661	0.684012421523661
Bacteria_Firmicutes_Clostridia_Clostridiales_Lachnospiraceae_NA_143	0.17223370468593	0.17223370468593	-0.19086954873235	0.684012421523661	0.684012421523661
Bacteria_Bacteroidetes_Bacteroidia_Bacteroidales_Porphyromonadaceae_NA_1549	0.174228684983441	0.174228684983441	-0.133324138454145	0.684012421523661	0.684012421523661
Bacteria_Firmicutes_Clostridia_Clostridiales_Ruminococcaceae_Ruminococcaceae_UCG-002_571	0.17455877933307	0.17455877933307	0.0792707466339132	0.684012421523661	0.684012421523661
Bacteria_Firmicutes_Clostridia_Clostridiales_Ruminococcaceae_NA_340	0.177806634945487	0.177806634945487	0.187340862497216	0.684012421523661	0.684012421523661
Bacteria_Firmicutes_Clostridia_Clostridiales_Lachnospiraceae_Coprococcus_1_216	0.179997732210042	0.179997732210042	0.262232423217379	0.684012421523661	0.684012421523661
Bacteria_Bacteroidetes_Bacteroidia_Bacteroidales_Bacteroidaceae_Bacteroides_123	0.180981639006825	0.180981639006825	-0.135411942258056	0.684012421523661	0.684012421523661
Bacteria_Firmicutes_Clostridia_Clostridiales_Ruminococcaceae_Faecalibacterium_1337	0.18101737684217	0.18101737684217	-0.0365553181323162	0.684012421523661	0.684012421523661
Bacteria_Firmicutes_Clostridia_Clostridiales_Lachnospiraceae_Lachnospiraceae_FCS020_group_914	0.182506146439801	0.182506146439801	0.201480453873922	0.684012421523661	0.684012421523661
Bacteria_Firmicutes_Clostridia_Clostridiales_Ruminococcaceae_Ruminococcus_1_444	0.183841336889951	0.183841336889951	0.226751050896007	0.684012421523661	0.684012421523661
Bacteria_Firmicutes_Clostridia_Clostridiales_Ruminococcaceae_Faecalibacterium_113	0.184743935336045	0.184743935336045	-0.21122502946145	0.684012421523661	0.684012421523661
Bacteria_Firmicutes_Clostridia_Clostridiales_Ruminococcaceae_Ruminococcaceae_UCG-002_719	0.18759681508019	0.18759681508019	-0.15037747854514	0.684012421523661	0.684012421523661
Bacteria_Bacteroidetes_Bacteroidia_Bacteroidales_Bacteroidaceae_Bacteroides_431	0.189504026948216	0.189504026948216	-0.145483126947327	0.684012421523661	0.684012421523661
Bacteria_Actinobacteria_Coriobacteriia_Coriobacteriales_Coriobacteriaceae_Collinsella_239	0.189586851076919	0.189586851076919	-0.0584688102062327	0.684012421523661	0.684012421523661
Bacteria_Actinobacteria_Coriobacteriia_Coriobacteriales_Coriobacteriaceae_NA_986	0.189679450495298	0.189679450495298	-0.102198258889122	0.684012421523661	0.684012421523661
Bacteria_Firmicutes_Clostridia_Clostridiales_Ruminococcaceae_Faecalibacterium_54	0.190822527286539	0.190822527286539	-0.330878171204825	0.684012421523661	0.684012421523661
Bacteria_Bacteroidetes_Bacteroidia_Bacteroidales_Bacteroidaceae_Bacteroides_38	0.192997147675548	0.192997147675548	-0.279391708296857	0.684012421523661	0.684012421523661
Bacteria_Actinobacteria_Coriobacteriia_Coriobacteriales_Coriobacteriaceae_NA_605	0.193331102467043	0.193331102467042	-0.0495159156703909	0.684012421523661	0.684012421523661
Bacteria_Firmicutes_Clostridia_Clostridiales_Lachnospiraceae_NA_15	0.194911257981986	0.194911257981986	-0.399276823749032	0.684012421523661	0.684012421523661
Bacteria_Firmicutes_Clostridia_Clostridiales_Lachnospiraceae_Dorea_711	0.197370023790645	0.197370023790645	0.103228485691011	0.684012421523661	0.684012421523661
Bacteria_Firmicutes_Clostridia_Clostridiales_Ruminococcaceae_Subdoligranulum_585	0.198232786021083	0.198232786021083	0.0930650973966047	0.684012421523661	0.684012421523661
Bacteria_Firmicutes_Clostridia_Clostridiales_Christensenellaceae_NA_260	0.199404606035594	0.199404606035594	0.263033631211547	0.684012421523661	0.684012421523661
Bacteria_Firmicutes_Clostridia_Clostridiales_Ruminococcaceae_Subdoligranulum_295	0.203431562991724	0.203431562991725	-0.161299932370723	0.684012421523661	0.684012421523661
Bacteria_Bacteroidetes_Bacteroidia_Bacteroidales_Porphyromonadaceae_Barnesiella_388	0.2036571909724	0.2036571909724	-0.117895373586016	0.684012421523661	0.684012421523661
Bacteria_Firmicutes_Clostridia_Clostridiales_Ruminococcaceae_Subdoligranulum_745	0.204745989161785	0.204745989161785	0.00944279830819159	0.684012421523661	0.684012421523661
Bacteria_Bacteroidetes_Bacteroidia_Bacteroidales_Prevotellaceae_Prevotella_7_84	0.20568549684801	0.20568549684801	0.208842856163284	0.684012421523661	0.684012421523661
Bacteria_Firmicutes_Clostridia_Clostridiales_Christensenellaceae_Christensenellaceae_R-7_group_2109	0.206356743281856	0.206356743281856	-0.0803907287512668	0.684012421523661	0.684012421523661
Bacteria_Firmicutes_Clostridia_Clostridiales_Ruminococcaceae_Faecalibacterium_403	0.207618041718258	0.207618041718259	-0.203868138687104	0.684012421523661	0.684012421523661
Bacteria_Actinobacteria_Coriobacteriia_Coriobacteriales_Coriobacteriaceae_Senegalimassilia_557	0.208198295144517	0.208198295144517	-0.02756596654663	0.684012421523661	0.684012421523661
Bacteria_Firmicutes_Clostridia_Clostridiales_Lachnospiraceae_Roseburia_411	0.208997334445123	0.208997334445123	-0.153192862296224	0.684012421523661	0.684012421523661
Bacteria_Firmicutes_Clostridia_Clostridiales_Lachnospiraceae_Anaerostipes_164	0.209651352727954	0.209651352727954	-0.293360511274608	0.684012421523661	0.684012421523661
Bacteria_Firmicutes_Clostridia_Clostridiales_Lachnospiraceae_NA_101	0.209872367228133	0.209872367228133	-0.317696817762821	0.684012421523661	0.684012421523661
Bacteria_Firmicutes_Clostridia_Clostridiales_Lachnospiraceae_Tyzzerella_710	0.212581697077324	0.212581697077324	0.204418290406843	0.684012421523661	0.684012421523661
Bacteria_Firmicutes_Clostridia_Clostridiales_Clostridiaceae_1_Clostridium_sensu_stricto_1_237	0.213145571144157	0.213145571144157	0.241470642644913	0.684012421523661	0.684012421523661
Bacteria_Firmicutes_Clostridia_Clostridiales_Peptostreptococcaceae_Intestinibacter_251	0.213317443015111	0.213317443015111	0.179267881099936	0.684012421523661	0.684012421523661
Bacteria_Firmicutes_Clostridia_Clostridiales_Lachnospiraceae_Lachnospiraceae_NK4A136_group_1307	0.214150556943091	0.214150556943091	-0.124385306931912	0.684012421523661	0.684012421523661
Bacteria_Firmicutes_Clostridia_Clostridiales_Ruminococcaceae_Faecalibacterium_406	0.214452823618227	0.214452823618227	0.153530815753168	0.684012421523661	0.684012421523661
Bacteria_Bacteroidetes_Bacteroidia_Bacteroidales_Rikenellaceae_Alistipes_61	0.21710598540871	0.21710598540871	0.219632111421851	0.684012421523661	0.684012421523661
Bacteria_Firmicutes_Erysipelotrichia_Erysipelotrichales_Erysipelotrichaceae_Erysipelotrichaceae_UCG-003_17	0.217724891479327	0.217724891479327	-0.152311565349969	0.684012421523661	0.684012421523661
Bacteria_Firmicutes_Clostridia_Clostridiales_Lachnospiraceae_NA_392	0.21917932856768	0.21917932856768	-0.185069858116052	0.684012421523661	0.684012421523661
Bacteria_Bacteroidetes_Bacteroidia_Bacteroidales_Rikenellaceae_Alistipes_273	0.219440745657893	0.219440745657893	0.237639151083041	0.684012421523661	0.684012421523661
Bacteria_Proteobacteria_Betaproteobacteria_Burkholderiales_Oxalobacteraceae_Oxalobacter_1146	0.219721008570071	0.219721008570071	0.148169230862761	0.684012421523661	0.684012421523661
Bacteria_Firmicutes_Clostridia_Clostridiales_Lachnospiraceae_Blautia_626	0.222962170637738	0.222962170637738	0.0211236512444484	0.684012421523661	0.684012421523661
Bacteria_Firmicutes_Clostridia_Clostridiales_Lachnospiraceae_NA_379	0.22359966566923	0.22359966566923	-0.116590743371941	0.684012421523661	0.684012421523661
Bacteria_Firmicutes_Clostridia_Clostridiales_Christensenellaceae_Christensenellaceae_R-7_group_159	0.224747123694638	0.224747123694638	0.274136396220377	0.684012421523661	0.684012421523661
Bacteria_Firmicutes_Clostridia_Clostridiales_Family_XIII_Family_XIII_AD3011_group_1845	0.225311619406054	0.225311619406054	0.098135167670009	0.684012421523661	0.684012421523661
Bacteria_Firmicutes_Clostridia_Clostridiales_Christensenellaceae_Christensenellaceae_R-7_group_2043	0.225484757739844	0.225484757739844	-0.0864987781893016	0.684012421523661	0.684012421523661
Bacteria_Actinobacteria_Coriobacteriia_Coriobacteriales_Coriobacteriaceae_Collinsella_234	0.229114735964441	0.229114735964441	0.086101077432878	0.687927754854637	0.687927754854637
Bacteria_Firmicutes_Bacilli_Lactobacillales_Streptococcaceae_Streptococcus_916	0.230513336731817	0.230513336731817	0.13081843744984	0.687927754854637	0.687927754854637
Bacteria_Firmicutes_Clostridia_Clostridiales_Lachnospiraceae_Fusicatenibacter_220	0.231798182301707	0.231798182301707	-0.285317111548729	0.687927754854637	0.687927754854637
Bacteria_Actinobacteria_Actinobacteria_Bifidobacteriales_Bifidobacteriaceae_Bifidobacterium_70	0.231916603397071	0.231916603397071	-0.249807292277743	0.687927754854637	0.687927754854637
Bacteria_Firmicutes_Erysipelotrichia_Erysipelotrichales_Erysipelotrichaceae_Erysipelatoclostridium_478	0.233109957446138	0.233109957446138	0.174882452123443	0.687927754854637	0.687927754854637
Bacteria_Firmicutes_Clostridia_Clostridiales_Lachnospiraceae_NA_255	0.236009455355419	0.236009455355419	-0.241063056952036	0.692719644637797	0.692719644637797
Bacteria_Firmicutes_Clostridia_Clostridiales_Ruminococcaceae_Faecalibacterium_1011	0.237617669308903	0.237617669308903	-0.159588507215764	0.693690292659863	0.693690292659863
Bacteria_Firmicutes_Negativicutes_Selenomonadales_Acidaminococcaceae_Phascolarctobacterium_152	0.242481781299165	0.242481781299165	0.245060981693113	0.6955800712634	0.6955800712634
Bacteria_Bacteroidetes_Bacteroidia_Bacteroidales_Porphyromonadaceae_Parabacteroides_649	0.243309415791773	0.243309415791773	-0.127050404033703	0.6955800712634	0.6955800712634
Bacteria_Bacteroidetes_Bacteroidia_Bacteroidales_Porphyromonadaceae_Parabacteroides_775	0.243744724605296	0.243744724605296	0.0941430958127564	0.6955800712634	0.6955800712634
Bacteria_Actinobacteria_Actinobacteria_Actinomycetales_Actinomycetaceae_Actinomyces_947	0.245062546605611	0.245062546605611	0.165961285582753	0.6955800712634	0.6955800712634
Bacteria_Firmicutes_Clostridia_Clostridiales_Lachnospiraceae_NA_214	0.248120368284102	0.248120368284102	-0.231824573763285	0.6955800712634	0.6955800712634
Bacteria_Firmicutes_Clostridia_Clostridiales_Lachnospiraceae_Fusicatenibacter_78	0.250267394293314	0.250267394293314	-0.26717721139817	0.6955800712634	0.6955800712634
Bacteria_Bacteroidetes_Bacteroidia_Bacteroidales_Prevotellaceae_Prevotella_7_128	0.250443909359145	0.250443909359145	0.194082733720975	0.6955800712634	0.6955800712634
Bacteria_Firmicutes_Negativicutes_Selenomonadales_Acidaminococcaceae_Phascolarctobacterium_451	0.251000499691999	0.251000499691999	-0.0311802237630637	0.6955800712634	0.6955800712634
Bacteria_Firmicutes_Clostridia_Clostridiales_Lachnospiraceae_NA_587	0.251748818841144	0.251748818841144	-0.109075135293337	0.6955800712634	0.6955800712634
Bacteria_Bacteroidetes_Bacteroidia_Bacteroidales_Bacteroidaceae_Bacteroides_433	0.251980769519345	0.251980769519345	0.150042251434515	0.6955800712634	0.6955800712634
Bacteria_Firmicutes_Clostridia_Clostridiales_Lachnospiraceae_Anaerostipes_720	0.252792517169758	0.252792517169758	0.14014913695723	0.6955800712634	0.6955800712634
Bacteria_Actinobacteria_Actinobacteria_Bifidobacteriales_Bifidobacteriaceae_Bifidobacterium_399	0.25381986348766	0.25381986348766	0.175774887891198	0.6955800712634	0.6955800712634
Bacteria_Firmicutes_Bacilli_Lactobacillales_Lactobacillaceae_Lactobacillus_83	0.255574347050115	0.255574347050115	-0.22689451613316	0.6955800712634	0.6955800712634
Bacteria_Firmicutes_Clostridia_Clostridiales_Lachnospiraceae_Lachnospira_628	0.256198921275654	0.256198921275654	-0.196647029536034	0.6955800712634	0.6955800712634
Bacteria_Firmicutes_Clostridia_Clostridiales_Family_XIII_Family_XIII_AD3011_group_762	0.258091304587703	0.258091304587703	0.183810041527304	0.697231733289168	0.697231733289168
Bacteria_Actinobacteria_Actinobacteria_Bifidobacteriales_Bifidobacteriaceae_Bifidobacterium_10	0.264102615791091	0.264102615791091	-0.30368490339833	0.703956542703495	0.703956542703495
Bacteria_Bacteroidetes_Bacteroidia_Bacteroidales_Porphyromonadaceae_Parabacteroides_471	0.264178771369253	0.264178771369253	0.13800764929754	0.703956542703495	0.703956542703495
Bacteria_Firmicutes_Bacilli_Lactobacillales_Streptococcaceae_Streptococcus_2	0.264469861347169	0.264469861347169	0.349099947712738	0.703956542703495	0.703956542703495
Bacteria_Firmicutes_Clostridia_Clostridiales_Lachnospiraceae_Lachnospiraceae_ND3007_group_233	0.266715854981993	0.266715854981993	0.227532130824332	0.706471752464499	0.706471752464499
Bacteria_Firmicutes_Clostridia_Clostridiales_Christensenellaceae_Christensenellaceae_R-7_group_612	0.270011603911733	0.270011603911733	-0.0944464024286167	0.711729616136268	0.711729616136268
Bacteria_Firmicutes_Clostridia_Clostridiales_Lachnospiraceae_Lachnospiraceae_NK4A136_group_336	0.271481077984574	0.271481077984574	0.15107552443069	0.711920610378956	0.711920610378956
Bacteria_Firmicutes_Clostridia_Clostridiales_Ruminococcaceae_Faecalibacterium_770	0.275160733639994	0.275160733639994	-0.169862167864057	0.711920610378956	0.711920610378956
Bacteria_Proteobacteria_Deltaproteobacteria_Desulfovibrionales_Desulfovibrionaceae_Desulfovibrio_2658	0.275174992417547	0.275174992417547	0.0729791599381259	0.711920610378956	0.711920610378956
Bacteria_Firmicutes_Clostridia_Clostridiales_Lachnospiraceae_NA_263	0.276377609358902	0.276377609358902	0.236125663065114	0.711920610378956	0.711920610378956
Bacteria_Firmicutes_Clostridia_Clostridiales_Ruminococcaceae_Ruminococcus_1_407	0.276639500533996	0.276639500533996	0.0970926393136401	0.711920610378956	0.711920610378956
Bacteria_Firmicutes_Negativicutes_Selenomonadales_Acidaminococcaceae_Acidaminococcus_89	0.284224942340545	0.284224942340545	0.181928813680516	0.724702562376233	0.724702562376233
Bacteria_Firmicutes_Erysipelotrichia_Erysipelotrichales_Erysipelotrichaceae_Solobacterium_173	0.284275590766368	0.284275590766368	0.0884073311719642	0.724702562376233	0.724702562376233
Bacteria_Firmicutes_Clostridia_Clostridiales_Clostridiaceae_1_Clostridium_sensu_stricto_1_332	0.286085809307541	0.286085809307541	-0.241278148042593	0.725909319878479	0.725909319878479
Bacteria_Actinobacteria_Actinobacteria_Actinomycetales_Actinomycetaceae_Actinomyces_591	0.288247352967843	0.288247352967843	0.142468331017744	0.727992151914133	0.727992151914133
Bacteria_Actinobacteria_Coriobacteriia_Coriobacteriales_Coriobacteriaceae_Adlercreutzia_633	0.291087600342981	0.291087600342981	0.0956170362801584	0.730877144043638	0.730877144043638
Bacteria_Firmicutes_Clostridia_Clostridiales_Ruminococcaceae_Ruminococcaceae_UCG-003_1008	0.293665490475145	0.293665490475145	-0.143725161380461	0.730877144043638	0.730877144043638
Bacteria_Firmicutes_Clostridia_Clostridiales_Lachnospiraceae_Tyzzerella_1132	0.294404970149115	0.294404970149115	0.147299452394685	0.730877144043638	0.730877144043638
Bacteria_Firmicutes_Clostridia_Clostridiales_Lachnospiraceae_NA_349	0.296013425125019	0.296013425125019	-0.168333068395729	0.730877144043638	0.730877144043638
Bacteria_Firmicutes_Clostridia_Clostridiales_Lachnospiraceae_NA_1841	0.296119653203684	0.296119653203684	-0.0946798905699032	0.730877144043638	0.730877144043638
Bacteria_Bacteroidetes_Bacteroidia_Bacteroidales_Bacteroidaceae_Bacteroides_64	0.297832327110966	0.297832327110966	-0.268297348623622	0.731778070684409	0.731778070684409
Bacteria_Firmicutes_Clostridia_Clostridiales_Christensenellaceae_Christensenellaceae_R-7_group_238	0.301252495192517	0.301252495192517	-0.216375637776243	0.736847319322237	0.736847319322237
Bacteria_Firmicutes_Clostridia_Clostridiales_Lachnospiraceae_NA_496	0.304080009804481	0.304080009804481	-0.0766384719561506	0.740176161235512	0.740176161235512
Bacteria_Firmicutes_Clostridia_Clostridiales_Lachnospiraceae_NA_497	0.305339705555718	0.305339705555718	-0.0195930269165711	0.740176161235512	0.740176161235512
Bacteria_Firmicutes_Clostridia_Clostridiales_Peptostreptococcaceae_Romboutsia_301	0.31038534895662	0.31038534895662	-0.159760211234982	0.746735380586619	0.746735380586619
Bacteria_Firmicutes_Clostridia_Clostridiales_Lachnospiraceae_Dorea_348	0.312042316985348	0.312042316985348	0.0725056700804226	0.746735380586619	0.746735380586619
Bacteria_Firmicutes_Clostridia_Clostridiales_Lachnospiraceae_Fusicatenibacter_788	0.31490622830447	0.31490622830447	-0.0747141798656274	0.746735380586619	0.746735380586619
Bacteria_Firmicutes_Bacilli_Lactobacillales_Streptococcaceae_Lactococcus_373	0.315743855297547	0.315743855297547	-0.19014782048694	0.746735380586619	0.746735380586619
Bacteria_Firmicutes_Clostridia_Clostridiales_Christensenellaceae_Christensenellaceae_R-7_group_1282	0.320421705458002	0.320421705458002	0.0796053833646326	0.746735380586619	0.746735380586619
Bacteria_Firmicutes_Clostridia_Clostridiales_Lachnospiraceae_Dorea_62	0.32077996555562	0.32077996555562	-0.197034553951576	0.746735380586619	0.746735380586619
Bacteria_Firmicutes_Clostridia_Clostridiales_Ruminococcaceae_NA_1982	0.321132782208736	0.321132782208736	0.0716797198232162	0.746735380586619	0.746735380586619
Bacteria_Firmicutes_Clostridia_Clostridiales_Lachnospiraceae_NA_27	0.321373945538592	0.321373945538592	0.204389639092839	0.746735380586619	0.746735380586619
Bacteria_Firmicutes_Clostridia_Clostridiales_Lachnospiraceae_Dorea_43	0.322162581426399	0.322162581426399	-0.246565163778065	0.746735380586619	0.746735380586619
Bacteria_Firmicutes_Erysipelotrichia_Erysipelotrichales_Erysipelotrichaceae_Faecalitalea_1093	0.32251240774685	0.32251240774685	0.0321896174913613	0.746735380586619	0.746735380586619
Bacteria_Firmicutes_Clostridia_Clostridiales_Christensenellaceae_Christensenellaceae_R-7_group_771	0.324238656280645	0.324238656280645	0.115043050276158	0.746735380586619	0.746735380586619
Bacteria_Proteobacteria_Gammaproteobacteria_Enterobacteriales_Enterobacteriaceae_Escherichia/Shigella_74	0.327810950732825	0.327810950732825	0.215405373716943	0.746735380586619	0.746735380586619
Bacteria_Firmicutes_Clostridia_Clostridiales_Lachnospiraceae_Coprococcus_2_200	0.32794868380202	0.32794868380202	0.195585260823483	0.746735380586619	0.746735380586619
Bacteria_Firmicutes_Clostridia_Clostridiales_Lachnospiraceae_Blautia_333	0.328716305815856	0.328716305815856	0.222008762654934	0.746735380586619	0.746735380586619
Bacteria_Firmicutes_Clostridia_Clostridiales_Lachnospiraceae_NA_570	0.331940226923742	0.331940226923742	0.09606235386966	0.746735380586619	0.746735380586619
Bacteria_Proteobacteria_Gammaproteobacteria_Enterobacteriales_Enterobacteriaceae_Escherichia/Shigella_167	0.332534378173287	0.332534378173287	0.156174939609847	0.746735380586619	0.746735380586619
Bacteria_Firmicutes_Clostridia_Clostridiales_Lachnospiraceae_Roseburia_929	0.332686076695947	0.332686076695947	-0.146673836401769	0.746735380586619	0.746735380586619
Bacteria_Actinobacteria_Coriobacteriia_Coriobacteriales_Coriobacteriaceae_Eggerthella_619	0.334055515417641	0.334055515417641	0.113236423846006	0.746735380586619	0.746735380586619
Bacteria_Firmicutes_Clostridia_Clostridiales_Lachnospiraceae_Blautia_530	0.336338780744188	0.336338780744188	0.182358992995144	0.746735380586619	0.746735380586619
Bacteria_Proteobacteria_Deltaproteobacteria_Desulfovibrionales_Desulfovibrionaceae_Desulfovibrio_326	0.336671035569752	0.336671035569752	0.124686965558499	0.746735380586619	0.746735380586619
Bacteria_Bacteroidetes_Bacteroidia_Bacteroidales_Bacteroidaceae_Bacteroides_31	0.337367734817485	0.337367734817485	0.199608811312176	0.746735380586619	0.746735380586619
Bacteria_Actinobacteria_Actinobacteria_Bifidobacteriales_Bifidobacteriaceae_Bifidobacterium_230	0.33985044299885	0.33985044299885	-0.130937288799974	0.746735380586619	0.746735380586619
Bacteria_Firmicutes_Clostridia_Clostridiales_Lachnospiraceae_Blautia_162	0.34069619166775	0.34069619166775	-0.24221063403805	0.746735380586619	0.746735380586619
Bacteria_Firmicutes_Clostridia_Clostridiales_Ruminococcaceae_Faecalibacterium_71	0.341716906527498	0.341716906527498	-0.235865779352735	0.746735380586619	0.746735380586619
Bacteria_Firmicutes_Clostridia_Clostridiales_Lachnospiraceae_Anaerostipes_14	0.342512919432425	0.342512919432425	-0.311700073708025	0.746735380586619	0.746735380586619
Bacteria_Firmicutes_Clostridia_Clostridiales_Lachnospiraceae_Coprococcus_3_452	0.343800819791261	0.343800819791261	-0.0835781484381648	0.746735380586619	0.746735380586619
Bacteria_Firmicutes_Clostridia_Clostridiales_Ruminococcaceae_NA_1962	0.346939118882763	0.346939118882763	-0.0571932162173096	0.747790800895543	0.747790800895543
Bacteria_Firmicutes_Clostridia_Clostridiales_Ruminococcaceae_Subdoligranulum_305	0.348250625790756	0.348250625790756	-0.120069806761411	0.747790800895543	0.747790800895543
Bacteria_Firmicutes_Clostridia_Clostridiales_Lachnospiraceae_Blautia_272	0.348679387341231	0.348679387341231	-0.211744393486166	0.747790800895543	0.747790800895543
Bacteria_NA_NA_NA_NA_NA_2012	0.350311385285029	0.350311385285029	0.0309461306007135	0.747790800895543	0.747790800895543
Bacteria_Firmicutes_Clostridia_Clostridiales_Lachnospiraceae_Blautia_236	0.353055829383055	0.353055829383055	-0.164107044140314	0.747790800895543	0.747790800895543
Bacteria_Bacteroidetes_Bacteroidia_Bacteroidales_Porphyromonadaceae_Parabacteroides_801	0.354606030383366	0.354606030383366	0.10125921429139	0.747790800895543	0.747790800895543
Bacteria_Firmicutes_Negativicutes_Selenomonadales_Veillonellaceae_Dialister_217	0.355258582767464	0.355258582767464	-0.0492791192622469	0.747790800895543	0.747790800895543
Bacteria_Firmicutes_Clostridia_Clostridiales_Lachnospiraceae_Roseburia_712	0.355303916447606	0.355303916447606	0.139580651263399	0.747790800895543	0.747790800895543
Bacteria_Proteobacteria_Betaproteobacteria_Burkholderiales_Alcaligenaceae_Sutterella_405	0.360670656099916	0.360670656099916	-0.174840099697672	0.7542508980613	0.7542508980613
Bacteria_Actinobacteria_Actinobacteria_Bifidobacteriales_Bifidobacteriaceae_Bifidobacterium_545	0.362164610031055	0.362164610031055	-0.068636596779839	0.7542508980613	0.7542508980613
Bacteria_Firmicutes_Clostridia_Clostridiales_Ruminococcaceae_Subdoligranulum_275	0.362540486913443	0.362540486913443	-0.0630739737582089	0.7542508980613	0.7542508980613
Bacteria_Firmicutes_Clostridia_Clostridiales_Family_XIII_NA_805	0.365341364070369	0.365341364070369	0.110966658358235	0.754757788504735	0.754757788504735
Bacteria_Firmicutes_Clostridia_Clostridiales_Ruminococcaceae_Faecalibacterium_112	0.365564085408371	0.365564085408371	-0.175918297929491	0.754757788504735	0.754757788504735
Bacteria_Firmicutes_Clostridia_Clostridiales_Ruminococcaceae_Ruminiclostridium_5_1205	0.367802566255294	0.367802566255294	-0.0863478377063172	0.75490060614107	0.75490060614107
Bacteria_Verrucomicrobia_Verrucomicrobiae_Verrucomicrobiales_Verrucomicrobiaceae_Akkermansia_436	0.369545441692207	0.369545441692207	0.134691059339677	0.75490060614107	0.75490060614107
Bacteria_Firmicutes_Bacilli_Lactobacillales_Streptococcaceae_Streptococcus_30	0.370454309341539	0.370454309341539	-0.120168446041953	0.75490060614107	0.75490060614107
Bacteria_Proteobacteria_Gammaproteobacteria_Enterobacteriales_Enterobacteriaceae_Escherichia/Shigella_51	0.374282398138306	0.374282398138306	0.274664051667899	0.75490060614107	0.75490060614107
Bacteria_Firmicutes_Clostridia_Clostridiales_Lachnospiraceae_Coprococcus_1_851	0.375197939530734	0.375197939530734	-0.137340052717762	0.75490060614107	0.75490060614107
Bacteria_Firmicutes_Erysipelotrichia_Erysipelotrichales_Erysipelotrichaceae_Erysipelatoclostridium_703	0.37738957202953	0.37738957202953	-0.0965839712890596	0.75490060614107	0.75490060614107
Bacteria_Bacteroidetes_Bacteroidia_Bacteroidales_Bacteroidaceae_Bacteroides_366	0.377607681154627	0.377607681154627	-0.152066120106323	0.75490060614107	0.75490060614107
Bacteria_Firmicutes_Clostridia_Clostridiales_Ruminococcaceae_Ruminococcaceae_UCG-002_396	0.377659786345588	0.377659786345588	0.118062062045772	0.75490060614107	0.75490060614107
Bacteria_Firmicutes_Clostridia_Clostridiales_Ruminococcaceae_Ruminococcus_2_88	0.379645887937005	0.379645887937005	-0.102929396965531	0.75490060614107	0.75490060614107
Bacteria_Firmicutes_Clostridia_Clostridiales_Ruminococcaceae_Ruminococcaceae_UCG-002_992	0.380039795000718	0.380039795000718	0.0316421829266427	0.75490060614107	0.75490060614107
Bacteria_Firmicutes_Clostridia_Clostridiales_Ruminococcaceae_Ruminococcaceae_UCG-013_441	0.380925904387943	0.380925904387943	-0.153644563828024	0.75490060614107	0.75490060614107
Bacteria_Firmicutes_Clostridia_Clostridiales_Ruminococcaceae_Butyricicoccus_361	0.388273392261684	0.388273392261684	0.192156433155799	0.760659379751299	0.760659379751299
Bacteria_Bacteroidetes_Bacteroidia_Bacteroidales_Prevotellaceae_Prevotella_7_149	0.388379342903717	0.388379342903717	-0.107846948650854	0.760659379751299	0.760659379751299
Bacteria_Bacteroidetes_Bacteroidia_Bacteroidales_Bacteroidaceae_Bacteroides_102	0.388954685207799	0.388954685207799	0.0710022070865688	0.760659379751299	0.760659379751299
Bacteria_Firmicutes_Erysipelotrichia_Erysipelotrichales_Erysipelotrichaceae_Holdemanella_34	0.389435188896614	0.389435188896614	0.247681481289431	0.760659379751299	0.760659379751299
Bacteria_Firmicutes_Clostridia_Clostridiales_Lachnospiraceae_Blautia_516	0.396774518328773	0.396774518328773	0.0894937953598742	0.766638337225426	0.766638337225426
Bacteria_Firmicutes_Erysipelotrichia_Erysipelotrichales_Erysipelotrichaceae_Holdemanella_6	0.398491900138069	0.398491900138069	0.236994018855474	0.766638337225426	0.766638337225426
Bacteria_Cyanobacteria_Chloroplast_NA_NA_NA_2049	0.399282124150125	0.399282124150125	0.0758922828897612	0.766638337225426	0.766638337225426
Bacteria_Firmicutes_Clostridia_Clostridiales_Clostridiaceae_1_Clostridium_sensu_stricto_1_105	0.402043325492866	0.402043325492866	-0.178843497772108	0.766638337225426	0.766638337225426
Bacteria_Firmicutes_Clostridia_Clostridiales_Lachnospiraceae_Blautia_68	0.402305116068988	0.402305116068988	0.221638066288764	0.766638337225426	0.766638337225426
Bacteria_Firmicutes_Clostridia_Clostridiales_Ruminococcaceae_Ruminococcaceae_UCG-013_458	0.404602030151541	0.404602030151541	-0.118684089214587	0.766638337225426	0.766638337225426
Bacteria_Actinobacteria_Actinobacteria_Bifidobacteriales_Bifidobacteriaceae_Bifidobacterium_100	0.404850695698772	0.404850695698772	-0.168407044532489	0.766638337225426	0.766638337225426
Bacteria_Firmicutes_Clostridia_Clostridiales_Ruminococcaceae_Faecalibacterium_146	0.404952365444129	0.404952365444129	-0.122584982893337	0.766638337225426	0.766638337225426
Bacteria_Firmicutes_Erysipelotrichia_Erysipelotrichales_Erysipelotrichaceae_Holdemanella_92	0.405202951719516	0.405202951719516	-0.0583414949700885	0.766638337225426	0.766638337225426
Bacteria_Proteobacteria_Gammaproteobacteria_Enterobacteriales_Enterobacteriaceae_Escherichia/Shigella_5	0.409748877063953	0.409748877063953	0.295636164279746	0.768939527321847	0.768939527321847
Bacteria_NA_NA_NA_NA_NA_1696	0.415889357355793	0.415889357355793	0.0540771325324675	0.768939527321847	0.768939527321847
Bacteria_Firmicutes_Clostridia_Clostridiales_Ruminococcaceae_Butyricicoccus_552	0.416000642791092	0.416000642791092	-0.111838633112963	0.768939527321847	0.768939527321847
Bacteria_Firmicutes_Clostridia_Clostridiales_Lachnospiraceae_NA_438	0.416297238219901	0.416297238219901	0.165635701773097	0.768939527321847	0.768939527321847
Bacteria_Firmicutes_Clostridia_Clostridiales_Ruminococcaceae_Subdoligranulum_80	0.416413725985314	0.416413725985314	0.142751622667665	0.768939527321847	0.768939527321847
Bacteria_Firmicutes_Clostridia_Clostridiales_Ruminococcaceae_Butyricicoccus_977	0.416442171151211	0.416442171151211	0.0614467200924662	0.768939527321847	0.768939527321847
Bacteria_Firmicutes_Clostridia_Clostridiales_Family_XIII_Family_XIII_UCG-001_859	0.416718003368227	0.416718003368227	-0.0810941432935913	0.768939527321847	0.768939527321847
Bacteria_Firmicutes_Clostridia_Clostridiales_Lachnospiraceae_Roseburia_343	0.417747993664723	0.417747993664723	0.108941035845958	0.768939527321847	0.768939527321847
Bacteria_Firmicutes_Clostridia_Clostridiales_Ruminococcaceae_Ruminococcaceae_UCG-004_327	0.419482596151106	0.419482596151106	0.0596570758552127	0.769523816588009	0.769523816588009
Bacteria_Firmicutes_Erysipelotrichia_Erysipelotrichales_Erysipelotrichaceae_Catenibacterium_33	0.421463914741424	0.421463914741424	-0.179304759999628	0.770555238062603	0.770555238062603
Bacteria_Proteobacteria_Betaproteobacteria_Burkholderiales_Alcaligenaceae_Parasutterella_600	0.423990357092606	0.423990357092606	0.0723650002234402	0.771212038535491	0.771212038535491
Bacteria_Firmicutes_Clostridia_Clostridiales_Ruminococcaceae_Subdoligranulum_150	0.426011536162228	0.426011536162228	0.134668410919745	0.771212038535491	0.771212038535491
Bacteria_Firmicutes_Clostridia_Clostridiales_Lachnospiraceae_Roseburia_532	0.426083999190879	0.426083999190879	-0.105638355224474	0.771212038535491	0.771212038535491
Bacteria_Firmicutes_Clostridia_Clostridiales_Family_XIII_NA_1406	0.43613519592685	0.43613519592685	0.0662888872657255	0.77904693551337	0.77904693551337
Bacteria_Firmicutes_Clostridia_Clostridiales_Ruminococcaceae_NA_568	0.437296213652888	0.437296213652888	-0.126974880994192	0.77904693551337	0.77904693551337
Bacteria_Bacteroidetes_Bacteroidia_Bacteroidales_Bacteroidaceae_Bacteroides_44	0.438605991408611	0.438605991408611	-0.138570698525096	0.77904693551337	0.77904693551337
Bacteria_Firmicutes_Clostridia_Clostridiales_Lachnospiraceae_Lactonifactor_174	0.438984376022875	0.438984376022875	-0.159035740826445	0.77904693551337	0.77904693551337
Bacteria_Bacteroidetes_Bacteroidia_Bacteroidales_Bacteroidaceae_Bacteroides_126	0.44018990992881	0.44018990992881	0.0853697807869336	0.77904693551337	0.77904693551337
Bacteria_Firmicutes_Negativicutes_Selenomonadales_Veillonellaceae_Dialister_257	0.441800213882886	0.441800213882886	0.108925286302917	0.77904693551337	0.77904693551337
Bacteria_Firmicutes_Clostridia_Clostridiales_Ruminococcaceae_NA_1152	0.443071578484254	0.443071578484254	0.0777084281066201	0.77904693551337	0.77904693551337
Bacteria_Firmicutes_Bacilli_Lactobacillales_Carnobacteriaceae_Granulicatella_1094	0.443588873955203	0.443588873955203	0.109616420807851	0.77904693551337	0.77904693551337
Bacteria_Actinobacteria_Coriobacteriia_Coriobacteriales_Coriobacteriaceae_NA_700	0.444461195913253	0.444461195913253	-0.10197244712644	0.77904693551337	0.77904693551337
Bacteria_Proteobacteria_Gammaproteobacteria_Enterobacteriales_Enterobacteriaceae_Citrobacter_107	0.44615245092373	0.44615245092373	-0.186328897396107	0.77904693551337	0.77904693551337
Bacteria_Firmicutes_Clostridia_Clostridiales_Ruminococcaceae_Ruminococcaceae_UCG-005_346	0.446194469511341	0.446194469511341	0.138525422742117	0.77904693551337	0.77904693551337
Bacteria_Firmicutes_Clostridia_Clostridiales_Peptostreptococcaceae_Intestinibacter_52	0.449989308467565	0.449989308467565	-0.183160423904676	0.783154469544512	0.783154469544512
Bacteria_Proteobacteria_Deltaproteobacteria_Desulfovibrionales_Desulfovibrionaceae_Bilophila_718	0.453103242144162	0.453103242144162	0.0938972200358048	0.78338253264173	0.78338253264173
Bacteria_Firmicutes_Clostridia_Clostridiales_Peptostreptococcaceae_Intestinibacter_281	0.453633998598596	0.453633998598596	0.126665925485153	0.78338253264173	0.78338253264173
Bacteria_Firmicutes_Erysipelotrichia_Erysipelotrichales_Erysipelotrichaceae_Holdemanella_12	0.455678265699179	0.455678265699179	-0.129954626566084	0.78338253264173	0.78338253264173
Bacteria_Firmicutes_Clostridia_Clostridiales_Christensenellaceae_Christensenellaceae_R-7_group_1250	0.4558911239683	0.4558911239683	0.0178585201013336	0.78338253264173	0.78338253264173
Bacteria_Firmicutes_Clostridia_Clostridiales_Lachnospiraceae_NA_1073	0.462316239585861	0.462316239585861	-0.0552829479382106	0.78881892080013	0.78881892080013
Bacteria_Firmicutes_Clostridia_Clostridiales_Christensenellaceae_Christensenellaceae_R-7_group_309	0.462525257387587	0.462525257387587	0.145704962087533	0.78881892080013	0.78881892080013
Bacteria_Firmicutes_Clostridia_Clostridiales_Ruminococcaceae_Ruminococcaceae_UCG-013_434	0.463932473900885	0.463932473900885	0.116397984724379	0.78881892080013	0.78881892080013
Bacteria_Firmicutes_Clostridia_Clostridiales_Ruminococcaceae_Ruminococcaceae_UCG-004_786	0.465215838254476	0.465215838254476	0.00967920020287897	0.78881892080013	0.78881892080013
Bacteria_Firmicutes_Clostridia_Clostridiales_Lachnospiraceae_NA_650	0.466318367544828	0.466318367544828	0.111208291913156	0.78881892080013	0.78881892080013
Bacteria_Firmicutes_Clostridia_Clostridiales_Lachnospiraceae_NA_316	0.468442850226204	0.468442850226204	-0.0754331212070425	0.789951762959096	0.789951762959096
Bacteria_Bacteroidetes_Bacteroidia_Bacteroidales_Porphyromonadaceae_Coprobacter_1082	0.47727612659143	0.47727612659143	-0.0803203435993177	0.798657317447939	0.798657317447939
Bacteria_Firmicutes_Clostridia_Clostridiales_Lachnospiraceae_Fusicatenibacter_1151	0.479067973301636	0.479067973301636	-0.0884405494783983	0.798657317447939	0.798657317447939
Bacteria_Bacteroidetes_Bacteroidia_Bacteroidales_Rikenellaceae_Alistipes_108	0.479772180162674	0.479772180162674	-0.174473538039153	0.798657317447939	0.798657317447939
Bacteria_Firmicutes_Clostridia_Clostridiales_Ruminococcaceae_Ruminiclostridium_5_673	0.480274725726276	0.480274725726276	-0.0230347897755784	0.798657317447939	0.798657317447939
Bacteria_Firmicutes_Clostridia_Clostridiales_Lachnospiraceae_Lachnoclostridium_575	0.480959379015609	0.480959379015609	-0.0907669562251601	0.798657317447939	0.798657317447939
Bacteria_Actinobacteria_Coriobacteriia_Coriobacteriales_Coriobacteriaceae_Enterorhabdus_884	0.488667153458774	0.488667153458774	-0.0588248441806611	0.80898251319547	0.80898251319547
Bacteria_Firmicutes_Clostridia_Clostridiales_Lachnospiraceae_NA_82	0.49283467541933	0.49283467541933	-0.173509758295641	0.813172170361783	0.813172170361783
Bacteria_Firmicutes_Bacilli_Lactobacillales_Lactobacillaceae_Lactobacillus_79	0.494451324348931	0.494451324348931	-0.161011084691462	0.813172170361783	0.813172170361783
Bacteria_Firmicutes_Negativicutes_Selenomonadales_Veillonellaceae_Veillonella_821	0.495690586353131	0.495690586353131	0.100190637385165	0.813172170361783	0.813172170361783
Bacteria_Firmicutes_Clostridia_Clostridiales_Peptostreptococcaceae_Romboutsia_259	0.497638362971587	0.497638362971587	-0.124610537406648	0.813908527390276	0.813908527390276
Bacteria_Firmicutes_Clostridia_Clostridiales_Lachnospiraceae_Blautia_118	0.500944668436515	0.500944668436515	-0.193817573190818	0.816855720603687	0.816855720603687
Bacteria_Actinobacteria_Coriobacteriia_Coriobacteriales_Coriobacteriaceae_Collinsella_53	0.502883659202844	0.502883659202844	-0.156329398033105	0.817562356129175	0.817562356129175
Bacteria_Firmicutes_Clostridia_Clostridiales_Ruminococcaceae_Flavonifractor_734	0.509019618250556	0.509019618250556	-0.106632631956668	0.825067620030005	0.825067620030005
Bacteria_Verrucomicrobia_Verrucomicrobiae_Verrucomicrobiales_Verrucomicrobiaceae_Akkermansia_474	0.517373206512796	0.517373206512796	0.0931824071238821	0.836112056953716	0.836112056953716
Bacteria_Bacteroidetes_Bacteroidia_Bacteroidales_Porphyromonadaceae_Parabacteroides_419	0.520268215362006	0.520268215362006	0.0602308183796923	0.838295670449761	0.838295670449761
Bacteria_Firmicutes_Clostridia_Clostridiales_Family_XIII_NA_795	0.524927779446928	0.524927779446928	0.062081834456751	0.841693420845983	0.841693420845983
Bacteria_Firmicutes_Clostridia_Clostridiales_Ruminococcaceae_Ruminococcaceae_UCG-014_472	0.525477108041967	0.525477108041967	-0.0293104641264243	0.841693420845983	0.841693420845983
Bacteria_Firmicutes_Clostridia_Clostridiales_Lachnospiraceae_Coprococcus_3_546	0.529713494628429	0.529713494628429	0.0849350394455484	0.845389320804209	0.845389320804209
Bacteria_Firmicutes_Clostridia_Clostridiales_Ruminococcaceae_Ruminiclostridium_5_229	0.530898265919402	0.530898265919402	0.0999778072803332	0.845389320804209	0.845389320804209
Bacteria_Firmicutes_Clostridia_Clostridiales_Ruminococcaceae_Ruminiclostridium_6_816	0.533875017709935	0.533875017709935	0.0949423884865299	0.845392805634847	0.845392805634847
Bacteria_Bacteroidetes_Bacteroidia_Bacteroidales_Rikenellaceae_Rikenellaceae_RC9_gut_group_104	0.534014240023485	0.534014240023485	-0.0551074310788606	0.845392805634847	0.845392805634847
Bacteria_Firmicutes_Clostridia_Clostridiales_Ruminococcaceae_Oscillibacter_1965	0.539307346689801	0.539307346689801	0.0574752717994214	0.848896040590861	0.848896040590861
Bacteria_Firmicutes_Negativicutes_Selenomonadales_Acidaminococcaceae_Phascolarctobacterium_137	0.542333051653955	0.542333051653955	0.0510235643328653	0.848896040590861	0.848896040590861
Bacteria_Firmicutes_Clostridia_Clostridiales_Lachnospiraceae_NA_288	0.544016190792772	0.544016190792772	-0.0989919907388574	0.848896040590861	0.848896040590861
Bacteria_Firmicutes_Clostridia_Clostridiales_Lachnospiraceae_Blautia_110	0.544609109773586	0.544609109773586	-0.162639162140336	0.848896040590861	0.848896040590861
Bacteria_Firmicutes_Clostridia_Clostridiales_Lachnospiraceae_Lachnospiraceae_UCG-001_833	0.544808733607318	0.544808733607318	0.0949112910098417	0.848896040590861	0.848896040590861
Bacteria_Bacteroidetes_Bacteroidia_Bacteroidales_Rikenellaceae_Alistipes_41	0.54560721577571	0.54560721577571	-0.155296993673399	0.848896040590861	0.848896040590861
Bacteria_Firmicutes_Negativicutes_Selenomonadales_Veillonellaceae_Dialister_67	0.54819538043244	0.54819538043244	-0.113444658295433	0.850476398470614	0.850476398470614
Bacteria_Bacteroidetes_Bacteroidia_Bacteroidales_Bacteroidaceae_Bacteroides_632	0.549955866544579	0.549955866544579	0.057625359180307	0.850476398470614	0.850476398470614
Bacteria_Firmicutes_Clostridia_Clostridiales_Lachnospiraceae_Marvinbryantia_761	0.551321716872295	0.551321716872295	0.0697444540427467	0.850476398470614	0.850476398470614
Bacteria_Firmicutes_Clostridia_Clostridiales_Ruminococcaceae_Butyricicoccus_460	0.555043902524932	0.555043902524932	0.10566259786924	0.853792745243734	0.853792745243734
Bacteria_Firmicutes_Clostridia_Clostridiales_Ruminococcaceae_Anaerotruncus_580	0.559795580530045	0.559795580530045	0.01471047334111	0.85728484433333	0.85728484433333
Bacteria_Firmicutes_Clostridia_Clostridiales_Lachnospiraceae_Fusicatenibacter_172	0.560471675392877	0.560471675392877	0.0837425659180573	0.85728484433333	0.85728484433333
Bacteria_Firmicutes_Bacilli_Lactobacillales_Streptococcaceae_Lactococcus_1057	0.563742154463486	0.563742154463486	0.0712533109084605	0.859865140094586	0.859865140094586
Bacteria_Firmicutes_Clostridia_Clostridiales_Ruminococcaceae_Ruminococcaceae_UCG-005_1698	0.569591969452068	0.569591969452068	-0.0311985043169895	0.866354172023733	0.866354172023733
Bacteria_Firmicutes_Clostridia_Clostridiales_Ruminococcaceae_Subdoligranulum_381	0.571441270212484	0.571441270212484	0.0843837611657443	0.866739133311115	0.866739133311115
Bacteria_Firmicutes_Clostridia_Clostridiales_Lachnospiraceae_Coprococcus_3_125	0.575394806659135	0.575394806659135	-0.143115912546928	0.870304679710057	0.870304679710057
Bacteria_Firmicutes_Clostridia_Clostridiales_Lachnospiraceae_Lachnospiraceae_ND3007_group_524	0.577440085546618	0.577440085546618	-0.0777600817794384	0.870446116438546	0.870446116438546
Bacteria_Firmicutes_Clostridia_Clostridiales_Ruminococcaceae_Faecalibacterium_93	0.578780355023194	0.578780355023194	-0.176501343232385	0.870446116438546	0.870446116438546
Bacteria_Firmicutes_Clostridia_Clostridiales_Lachnospiraceae_NA_370	0.580918843679577	0.580918843679577	0.0808021376478974	0.870446116438546	0.870446116438546
Bacteria_Firmicutes_Clostridia_Clostridiales_Ruminococcaceae_Ruminiclostridium_6_622	0.581900442481017	0.581900442481017	-0.0680300962245165	0.870446116438546	0.870446116438546
Bacteria_Firmicutes_Clostridia_Clostridiales_Ruminococcaceae_Ruminococcaceae_UCG-013_599	0.583874193291955	0.583874193291955	0.100136066069704	0.870999139993219	0.870999139993219
Bacteria_Firmicutes_Clostridia_Clostridiales_Lachnospiraceae_Blautia_191	0.588357107199554	0.588357107199554	-0.137090120125866	0.874919402939318	0.874919402939318
Bacteria_Firmicutes_Clostridia_Clostridiales_Lachnospiraceae_Howardella_1072	0.589724680434236	0.589724680434236	-0.0584564992318018	0.874919402939318	0.874919402939318
Bacteria_Firmicutes_Clostridia_Clostridiales_Christensenellaceae_Christensenellaceae_R-7_group_477	0.591513687604604	0.591513687604604	0.0723419769248911	0.875182377028066	0.875182377028066
Bacteria_Actinobacteria_Coriobacteriia_Coriobacteriales_Coriobacteriaceae_Adlercreutzia_1242	0.597803814435582	0.597803814435582	0.0555043857264587	0.882085519669895	0.882085519669895
Bacteria_Bacteroidetes_Bacteroidia_Bacteroidales_Porphyromonadaceae_Parabacteroides_241	0.599766512798239	0.599766512798239	0.109736081652157	0.882583242410417	0.882583242410417
Bacteria_Firmicutes_Clostridia_Clostridiales_Ruminococcaceae_Ruminococcaceae_UCG-014_908	0.602401965015206	0.602401965015206	-0.0635876520114059	0.883653928002452	0.883653928002452
Bacteria_Firmicutes_Clostridia_Clostridiales_Lachnospiraceae_Lachnoclostridium_5_608	0.603789132705914	0.603789132705914	0.082474975490845	0.883653928002452	0.883653928002452
Bacteria_Firmicutes_Clostridia_Clostridiales_Lachnospiraceae_Dorea_322	0.606258018807231	0.606258018807231	-0.101210528759686	0.883653928002452	0.883653928002452
Bacteria_Actinobacteria_Coriobacteriia_Coriobacteriales_Coriobacteriaceae_Collinsella_558	0.607003526970377	0.607003526970377	-0.0612676297476674	0.883653928002452	0.883653928002452
Bacteria_Bacteroidetes_Bacteroidia_Bacteroidales_Rikenellaceae_Alistipes_155	0.610199835030769	0.610199835030769	-0.0484795225886038	0.885103736086128	0.885103736086128
Bacteria_Firmicutes_Clostridia_Clostridiales_Lachnospiraceae_Blautia_11	0.613182933799191	0.613182933799191	-0.149641704621173	0.885103736086128	0.885103736086128
Bacteria_Bacteroidetes_Bacteroidia_Bacteroidales_Bacteroidaceae_Bacteroides_335	0.615791110854969	0.615791110854969	0.07753069874861	0.885103736086128	0.885103736086128
Bacteria_Firmicutes_Clostridia_Clostridiales_Ruminococcaceae_NA_253	0.616715846515366	0.616715846515366	0.0979289688677578	0.885103736086128	0.885103736086128
Bacteria_Firmicutes_Clostridia_Clostridiales_Ruminococcaceae_Ruminiclostridium_5_663	0.617360400934733	0.617360400934733	-0.0532342022007049	0.885103736086128	0.885103736086128
Bacteria_Firmicutes_Clostridia_Clostridiales_Ruminococcaceae_NA_760	0.619756791772754	0.619756791772754	-0.0818004552849013	0.885103736086128	0.885103736086128
Bacteria_Bacteroidetes_Bacteroidia_Bacteroidales_Bacteroidaceae_Bacteroides_23	0.619832792269735	0.619832792269735	-0.0603179230627838	0.885103736086128	0.885103736086128
Bacteria_Bacteroidetes_Bacteroidia_Bacteroidales_Prevotellaceae_Prevotella_9_247	0.622463711329422	0.622463711329422	0.112639476231118	0.885103736086128	0.885103736086128
Bacteria_Firmicutes_Bacilli_Lactobacillales_Streptococcaceae_Streptococcus_1019	0.622669663323943	0.622669663323943	-0.0565178097971755	0.885103736086128	0.885103736086128
Bacteria_Firmicutes_Clostridia_Clostridiales_Lachnospiraceae_Roseburia_845	0.624832018546529	0.624832018546529	-0.0729690559203959	0.885858449270927	0.885858449270927
Bacteria_Firmicutes_Clostridia_Clostridiales_Lachnospiraceae_Lachnospiraceae_NK4A136_group_387	0.628552544890763	0.628552544890763	-0.09611640571837	0.888812583009595	0.888812583009595
Bacteria_Firmicutes_Clostridia_Clostridiales_Ruminococcaceae_NA_136	0.631481587795055	0.631481587795055	-0.0696436628539689	0.890371697967777	0.890371697967777
Bacteria_Firmicutes_Clostridia_Clostridiales_Ruminococcaceae_Ruminiclostridium_9_1037	0.633237921352668	0.633237921352668	-0.05709259331772	0.890371697967777	0.890371697967777
Bacteria_Firmicutes_Clostridia_Clostridiales_Lachnospiraceae_Lachnospira_1204	0.634574304076482	0.634574304076482	0.0560806993640698	0.890371697967777	0.890371697967777
Bacteria_Firmicutes_Clostridia_Clostridiales_Lachnospiraceae_Marvinbryantia_398	0.636436095443797	0.636436095443797	0.092707414297558	0.890682473778304	0.890682473778304
Bacteria_Firmicutes_Clostridia_Clostridiales_Ruminococcaceae_Subdoligranulum_24	0.642397531048682	0.642397531048682	-0.122995103576004	0.896714291412427	0.896714291412427
Bacteria_Firmicutes_Clostridia_Clostridiales_Peptostreptococcaceae_Intestinibacter_20	0.656308837395816	0.656308837395816	-0.11079272991569	0.904455649022129	0.904455649022129
Bacteria_Firmicutes_Clostridia_Clostridiales_Ruminococcaceae_NA_72	0.656736393262958	0.656736393262958	0.121718230358637	0.904455649022129	0.904455649022129
Bacteria_Firmicutes_Clostridia_Clostridiales_Lachnospiraceae_Coprococcus_3_492	0.658191017255261	0.658191017255261	-0.0901751889024395	0.904455649022129	0.904455649022129
Bacteria_Bacteroidetes_Bacteroidia_Bacteroidales_Bacteroidaceae_Bacteroides_60	0.661277702665426	0.661277702665426	0.0519510643885557	0.904455649022129	0.904455649022129
Bacteria_Actinobacteria_Coriobacteriia_Coriobacteriales_Coriobacteriaceae_Collinsella_135	0.661892652416188	0.661892652416188	0.0676240338890663	0.904455649022129	0.904455649022129
Bacteria_Firmicutes_Clostridia_Clostridiales_Lachnospiraceae_NA_180	0.662468159985546	0.662468159985546	0.0848112106549031	0.904455649022129	0.904455649022129
Bacteria_Bacteroidetes_Bacteroidia_Bacteroidales_Bacteroidaceae_Bacteroides_279	0.66417393606382	0.66417393606382	-0.0791701944309888	0.904455649022129	0.904455649022129
Bacteria_Firmicutes_Clostridia_Clostridiales_Ruminococcaceae_NA_2590	0.664327335522803	0.664327335522803	-0.0266761345545941	0.904455649022129	0.904455649022129
Bacteria_Firmicutes_Erysipelotrichia_Erysipelotrichales_Erysipelotrichaceae_NA_789	0.666332244987164	0.666332244987164	0.068820573819705	0.904455649022129	0.904455649022129
Bacteria_Firmicutes_Clostridia_Clostridiales_Lachnospiraceae_NA_397	0.666599649584967	0.666599649584967	-0.0735191253146969	0.904455649022129	0.904455649022129
Bacteria_Firmicutes_Erysipelotrichia_Erysipelotrichales_Erysipelotrichaceae_Holdemania_1902	0.667399359929099	0.667399359929099	-0.0308712104831454	0.904455649022129	0.904455649022129
Bacteria_Proteobacteria_Gammaproteobacteria_Enterobacteriales_Enterobacteriaceae_Escherichia/Shigella_32	0.67068182178304	0.67068182178304	0.152980492032844	0.904455649022129	0.904455649022129
Bacteria_Firmicutes_Clostridia_Clostridiales_Ruminococcaceae_Ruminiclostridium_6_462	0.671398049430683	0.671398049430683	0.0585420936618432	0.904455649022129	0.904455649022129
Bacteria_Bacteroidetes_Bacteroidia_Bacteroidales_Bacteroidaceae_Bacteroides_170	0.672357713220918	0.672357713220918	-0.0678762638276353	0.904455649022129	0.904455649022129
Bacteria_Firmicutes_Bacilli_Lactobacillales_Streptococcaceae_Streptococcus_913	0.673513828270007	0.673513828270007	0.0432908412146068	0.904455649022129	0.904455649022129
Bacteria_Bacteroidetes_Bacteroidia_Bacteroidales_Bacteroidaceae_Bacteroides_97	0.674593992364571	0.674593992364571	0.0683670331815343	0.904455649022129	0.904455649022129
Bacteria_Firmicutes_Clostridia_Clostridiales_Lachnospiraceae_Dorea_46	0.680015179965692	0.680015179965692	-0.102816238033821	0.906597617087868	0.906597617087868
Bacteria_Firmicutes_Clostridia_Clostridiales_Ruminococcaceae_NA_902	0.681179508563674	0.681179508563674	0.0513454755212582	0.906597617087868	0.906597617087868
Bacteria_Actinobacteria_Coriobacteriia_Coriobacteriales_Coriobacteriaceae_NA_2237	0.681393531089011	0.681393531089011	-0.0213600536243848	0.906597617087868	0.906597617087868
Bacteria_Firmicutes_Clostridia_Clostridiales_Lachnospiraceae_Blautia_581	0.68398149086967	0.68398149086967	-0.069330324410387	0.906597617087868	0.906597617087868
Bacteria_Bacteroidetes_Bacteroidia_Bacteroidales_Bacteroidaceae_Bacteroides_194	0.685697609340695	0.685697609340695	-0.0838270716471874	0.906597617087868	0.906597617087868
Bacteria_Firmicutes_Clostridia_Clostridiales_Ruminococcaceae_Subdoligranulum_187	0.690038942682588	0.690038942682588	-0.0539222184690637	0.906597617087868	0.906597617087868
Bacteria_Firmicutes_Clostridia_Clostridiales_Ruminococcaceae_Intestinimonas_1468	0.692075798434812	0.692075798434812	-0.0325619781847438	0.906597617087868	0.906597617087868
Bacteria_Actinobacteria_Coriobacteriia_Coriobacteriales_Coriobacteriaceae_Collinsella_37	0.6926333279332	0.6926333279332	0.0598033830017341	0.906597617087868	0.906597617087868
Bacteria_Actinobacteria_Coriobacteriia_Coriobacteriales_Coriobacteriaceae_NA_1504	0.692690490953706	0.692690490953706	-0.0217611374246354	0.906597617087868	0.906597617087868
Bacteria_Firmicutes_Clostridia_Clostridiales_Ruminococcaceae_Ruminococcaceae_NK4A214_group_840	0.694067316222097	0.694067316222097	-0.0435150147474836	0.906597617087868	0.906597617087868
Bacteria_Bacteroidetes_Bacteroidia_Bacteroidales_Porphyromonadaceae_Parabacteroides_299	0.694557290439325	0.694557290439325	0.0588860685732846	0.906597617087868	0.906597617087868
Bacteria_Firmicutes_Clostridia_Clostridiales_Ruminococcaceae_Ruminococcaceae_UCG-005_1023	0.699066741173008	0.699066741173008	0.0326192433165049	0.909314414438271	0.909314414438271
Bacteria_Firmicutes_Clostridia_Clostridiales_Ruminococcaceae_Subdoligranulum_153	0.699987891777528	0.699987891777528	0.0821599524730726	0.909314414438271	0.909314414438271
Bacteria_Firmicutes_Clostridia_Clostridiales_Lachnospiraceae_NA_427	0.706456648906645	0.706456648906645	-0.0700614782453331	0.913257403450594	0.913257403450594
Bacteria_Bacteroidetes_Bacteroidia_Bacteroidales_Porphyromonadaceae_Parabacteroides_63	0.708431495714928	0.708431495714928	0.0857597889963273	0.913257403450594	0.913257403450594
Bacteria_Firmicutes_Clostridia_Clostridiales_Lachnospiraceae_Fusicatenibacter_73	0.709054664651874	0.709054664651874	0.102388028721862	0.913257403450594	0.913257403450594
Bacteria_Bacteroidetes_Bacteroidia_Bacteroidales_Bacteroidaceae_Bacteroides_21	0.710529324354467	0.710529324354467	-0.092385315076817	0.913257403450594	0.913257403450594
Bacteria_Firmicutes_Clostridia_Clostridiales_Ruminococcaceae_NA_224	0.715254394342194	0.715254394342194	0.0533482519035073	0.913257403450594	0.913257403450594
Bacteria_NA_NA_NA_NA_NA_1600	0.717171218436398	0.717171218436398	-0.0280669472370743	0.913257403450594	0.913257403450594
Bacteria_Firmicutes_Clostridia_Clostridiales_Lachnospiraceae_Blautia_59	0.718184514786407	0.718184514786407	0.0884442870800136	0.913257403450594	0.913257403450594
Bacteria_Firmicutes_Clostridia_Clostridiales_Lachnospiraceae_Coprococcus_1_993	0.723513079776701	0.723513079776701	0.0271765335873368	0.913257403450594	0.913257403450594
Bacteria_Firmicutes_Clostridia_Clostridiales_Clostridiaceae_1_Clostridium_sensu_stricto_1_359	0.724664744803975	0.724664744803975	-0.05511857102789	0.913257403450594	0.913257403450594
Bacteria_Firmicutes_Erysipelotrichia_Erysipelotrichales_Erysipelotrichaceae_Erysipelatoclostridium_1674	0.72523925981705	0.72523925981705	-0.0387002463104708	0.913257403450594	0.913257403450594
Bacteria_Actinobacteria_Coriobacteriia_Coriobacteriales_Coriobacteriaceae_Collinsella_616	0.729574677363956	0.729574677363956	0.0191589838898944	0.913257403450594	0.913257403450594
Bacteria_Actinobacteria_Actinobacteria_Bifidobacteriales_Bifidobacteriaceae_Bifidobacterium_22	0.739471685466354	0.739471685466354	-0.0910060240797945	0.913257403450594	0.913257403450594
Bacteria_Firmicutes_Clostridia_Clostridiales_Lachnospiraceae_Roseburia_227	0.740773004293977	0.740773004293977	0.0733329393733456	0.913257403450594	0.913257403450594
Bacteria_Firmicutes_Clostridia_Clostridiales_Lachnospiraceae_Blautia_283	0.741592576559293	0.741592576559293	-0.0689704825627132	0.913257403450594	0.913257403450594
Bacteria_Actinobacteria_Coriobacteriia_Coriobacteriales_Coriobacteriaceae_Slackia_858	0.74526190078551	0.74526190078551	0.0330174613048222	0.913257403450594	0.913257403450594
Bacteria_Firmicutes_Clostridia_Clostridiales_Ruminococcaceae_Ruminococcaceae_UCG-005_920	0.746456660386053	0.746456660386053	-0.0420348896370659	0.913257403450594	0.913257403450594
Bacteria_Firmicutes_Clostridia_Clostridiales_Lachnospiraceae_Blautia_163	0.747527209691152	0.747527209691152	0.0906156282661692	0.913257403450594	0.913257403450594
Bacteria_Firmicutes_Bacilli_Lactobacillales_Streptococcaceae_Streptococcus_231	0.748996396347354	0.748996396347354	0.0789503517232294	0.913257403450594	0.913257403450594
Bacteria_Bacteroidetes_Bacteroidia_Bacteroidales_Rikenellaceae_Alistipes_573	0.750948092257174	0.750948092257174	-0.0276277785478891	0.913257403450594	0.913257403450594
Bacteria_Proteobacteria_Betaproteobacteria_Burkholderiales_Burkholderiaceae_Ralstonia_2648	0.753657764352002	0.753657764352002	-0.0200449010214885	0.913257403450594	0.913257403450594
Bacteria_Firmicutes_Clostridia_Clostridiales_Ruminococcaceae_Subdoligranulum_95	0.754950850675837	0.754950850675837	-0.0571596795387164	0.913257403450594	0.913257403450594
Bacteria_Actinobacteria_Actinobacteria_Bifidobacteriales_Bifidobacteriaceae_Bifidobacterium_25	0.755396174977094	0.755396174977094	0.0697251392127828	0.913257403450594	0.913257403450594
Bacteria_Firmicutes_Erysipelotrichia_Erysipelotrichales_Erysipelotrichaceae_Holdemania_2233	0.755609190579515	0.755609190579515	-0.0267440728793909	0.913257403450594	0.913257403450594
Bacteria_Firmicutes_Clostridia_Clostridiales_Ruminococcaceae_Ruminococcus_2_77	0.755675198125267	0.755675198125267	-0.0714619132756163	0.913257403450594	0.913257403450594
Bacteria_Bacteroidetes_Bacteroidia_Bacteroidales_Porphyromonadaceae_Odoribacter_1275	0.756041739727129	0.756041739727129	0.0327889767300978	0.913257403450594	0.913257403450594
Bacteria_Firmicutes_Clostridia_Clostridiales_Lachnospiraceae_NA_265	0.757355977126126	0.757355977126126	-0.0509448586413136	0.913257403450594	0.913257403450594
Bacteria_Firmicutes_Clostridia_Clostridiales_Ruminococcaceae_NA_2654	0.758114120173743	0.758114120173743	-0.0217962975646854	0.913257403450594	0.913257403450594
Bacteria_Firmicutes_Clostridia_Clostridiales_Lachnospiraceae_Dorea_40	0.759035294391471	0.759035294391471	0.0919537432317685	0.913257403450594	0.913257403450594
Bacteria_Firmicutes_Clostridia_Clostridiales_Ruminococcaceae_NA_254	0.759090328145042	0.759090328145042	0.0654732220754481	0.913257403450594	0.913257403450594
Bacteria_Proteobacteria_Gammaproteobacteria_Enterobacteriales_Enterobacteriaceae_Klebsiella_19	0.759256045058458	0.759256045058458	-0.0920648569619532	0.913257403450594	0.913257403450594
Bacteria_Firmicutes_Erysipelotrichia_Erysipelotrichales_Erysipelotrichaceae_Dielma_1442	0.759855911896619	0.759855911896619	-0.0359624321589816	0.913257403450594	0.913257403450594
Bacteria_Firmicutes_Clostridia_Clostridiales_Ruminococcaceae_Ruminiclostridium_5_567	0.761735581801731	0.761735581801731	0.0306812748971664	0.913257403450594	0.913257403450594
Bacteria_Firmicutes_Clostridia_Clostridiales_Family_XIII_Family_XIII_AD3011_group_2158	0.762974490492984	0.762974490492984	-0.0266616229102524	0.913257403450594	0.913257403450594
Bacteria_Firmicutes_Clostridia_Clostridiales_Lachnospiraceae_Fusicatenibacter_364	0.763408451268757	0.763408451268757	-0.0488076040087664	0.913257403450594	0.913257403450594
Bacteria_Firmicutes_Clostridia_Clostridiales_Ruminococcaceae_Faecalibacterium_416	0.764766690856024	0.764766690856024	0.0474797112716416	0.913257403450594	0.913257403450594
Bacteria_Firmicutes_Clostridia_Clostridiales_Christensenellaceae_Christensenella_1843	0.764890770690839	0.764890770690839	-0.0265875923894107	0.913257403450594	0.913257403450594
Bacteria_Firmicutes_Erysipelotrichia_Erysipelotrichales_Erysipelotrichaceae_NA_1121	0.765252520386777	0.765252520386777	-0.0258347814911731	0.913257403450594	0.913257403450594
Bacteria_Bacteroidetes_Bacteroidia_Bacteroidales_Rikenellaceae_Alistipes_885	0.769591113414393	0.769591113414393	-0.0158930020175952	0.916235912689909	0.916235912689909
Bacteria_Actinobacteria_Coriobacteriia_Coriobacteriales_Coriobacteriaceae_Adlercreutzia_915	0.771429918985483	0.771429918985483	-0.0338444156934776	0.916235912689909	0.916235912689909
Bacteria_Firmicutes_Clostridia_Clostridiales_Ruminococcaceae_Ruminococcaceae_UCG-005_698	0.772810401495356	0.772810401495356	0.0326592800454943	0.916235912689909	0.916235912689909
Bacteria_Firmicutes_Clostridia_Clostridiales_Christensenellaceae_Christensenellaceae_R-7_group_457	0.776688462706214	0.776688462706214	-0.0340863636776899	0.918827527776632	0.918827527776632
Bacteria_Firmicutes_Clostridia_Clostridiales_Lachnospiraceae_Blautia_428	0.786945200927234	0.786945200927234	-0.0373234524190669	0.925617022138169	0.925617022138169
Bacteria_Actinobacteria_Actinobacteria_Bifidobacteriales_Bifidobacteriaceae_Bifidobacterium_85	0.787691782255386	0.787691782255386	-0.0378716268222446	0.925617022138169	0.925617022138169
Bacteria_Actinobacteria_Actinobacteria_Bifidobacteriales_Bifidobacteriaceae_Bifidobacterium_1010	0.788964198878485	0.788964198878485	-0.0369885532232841	0.925617022138169	0.925617022138169
Bacteria_Bacteroidetes_Bacteroidia_Bacteroidales_Prevotellaceae_Prevotella_9_106	0.790556293890385	0.790556293890385	-0.0500257178952623	0.925617022138169	0.925617022138169
Bacteria_Bacteroidetes_Bacteroidia_Bacteroidales_Rikenellaceae_Alistipes_166	0.790950825547165	0.790950825547165	0.0378268493840527	0.925617022138169	0.925617022138169
Bacteria_Firmicutes_Clostridia_Clostridiales_Ruminococcaceae_Ruminococcaceae_UCG-002_394	0.795793802295602	0.795793802295602	0.0492142685373192	0.927063726071464	0.927063726071464
Bacteria_Firmicutes_Clostridia_Clostridiales_Christensenellaceae_Christensenellaceae_R-7_group_386	0.797725210760802	0.797725210760802	-0.0280344133079489	0.927063726071464	0.927063726071464
Bacteria_Firmicutes_Erysipelotrichia_Erysipelotrichales_Erysipelotrichaceae_Coprobacillus_527	0.798748252574425	0.798748252574425	0.0390794136529466	0.927063726071464	0.927063726071464
Bacteria_Firmicutes_Clostridia_Clostridiales_Ruminococcaceae_Ruminococcaceae_UCG-005_1271	0.799016250094742	0.799016250094742	0.0297318990002058	0.927063726071464	0.927063726071464
Bacteria_Firmicutes_Clostridia_Clostridiales_Lachnospiraceae_Roseburia_353	0.804768064675732	0.804768064675732	0.0495055216200106	0.927607032752905	0.927607032752905
Bacteria_Actinobacteria_Coriobacteriia_Coriobacteriales_Coriobacteriaceae_NA_1177	0.805745033644042	0.805745033644042	-0.0257703847022782	0.927607032752905	0.927607032752905
Bacteria_Firmicutes_Clostridia_Clostridiales_Lachnospiraceae_Roseburia_190	0.806173090784378	0.806173090784378	0.0551880402190919	0.927607032752905	0.927607032752905
Bacteria_Firmicutes_Clostridia_Clostridiales_Lachnospiraceae_Roseburia_197	0.80631771539479	0.80631771539479	0.0587893682145315	0.927607032752905	0.927607032752905
Bacteria_Firmicutes_Clostridia_Clostridiales_Christensenellaceae_Christensenellaceae_R-7_group_342	0.81144408554116	0.81144408554116	-0.0455522029943149	0.930759472787673	0.930759472787673
Bacteria_Actinobacteria_Coriobacteriia_Coriobacteriales_Coriobacteriaceae_Adlercreutzia_641	0.812486169615759	0.812486169615759	-0.0254960242214976	0.930759472787673	0.930759472787673
Bacteria_Actinobacteria_Actinobacteria_Actinomycetales_Actinomycetaceae_Actinomyces_1793	0.816121040383842	0.816121040383842	0.0155847811791847	0.932260785683363	0.932260785683363
Bacteria_Bacteroidetes_Bacteroidia_Bacteroidales_Bacteroidaceae_Bacteroides_116	0.817666484097964	0.817666484097964	0.0478315149003428	0.932260785683363	0.932260785683363
Bacteria_Actinobacteria_Coriobacteriia_Coriobacteriales_Coriobacteriaceae_Adlercreutzia_555	0.818947320020192	0.818947320020192	-0.0381558879425727	0.932260785683363	0.932260785683363
Bacteria_Firmicutes_Clostridia_Clostridiales_Christensenellaceae_Christensenellaceae_R-7_group_410	0.822990084596546	0.822990084596546	-0.040334384724112	0.934902962209047	0.934902962209047
Bacteria_Actinobacteria_Coriobacteriia_Coriobacteriales_Coriobacteriaceae_Adlercreutzia_1050	0.82586272413745	0.82586272413745	-0.0108323757419345	0.936207639262287	0.936207639262287
Bacteria_Firmicutes_Clostridia_Clostridiales_Ruminococcaceae_Ruminococcus_1_246	0.829304762794486	0.829304762794486	-0.035036524075564	0.938151012911263	0.938151012911263
Bacteria_Bacteroidetes_Bacteroidia_Bacteroidales_Bacteroidaceae_Bacteroides_4	0.832674161019523	0.832674161019523	0.0419921506346931	0.940004302356759	0.940004302356759
Bacteria_Firmicutes_Clostridia_Clostridiales_Family_XIII_Family_XIII_AD3011_group_1516	0.836442128800203	0.836442128800203	0.0207501032764625	0.942298912735498	0.942298912735498
Bacteria_Firmicutes_Clostridia_Clostridiales_Lachnospiraceae_Roseburia_1789	0.843380126580958	0.843380126580958	0.0194638039933359	0.947113008115168	0.947113008115168
Bacteria_Firmicutes_Erysipelotrichia_Erysipelotrichales_Erysipelotrichaceae_Erysipelotrichaceae_UCG-003_345	0.8444861649183	0.8444861649183	-0.0228574538051832	0.947113008115168	0.947113008115168
Bacteria_Firmicutes_Clostridia_Clostridiales_Ruminococcaceae_Subdoligranulum_287	0.8459480827548	0.8459480827548	0.0305920811439626	0.947113008115168	0.947113008115168
Bacteria_Firmicutes_Bacilli_Lactobacillales_Streptococcaceae_Streptococcus_1342	0.847956793644086	0.847956793644086	0.0167867172274771	0.947408516355429	0.947408516355429
Bacteria_Firmicutes_Clostridia_Clostridiales_Ruminococcaceae_Ruminococcaceae_UCG-013_131	0.851411819920579	0.851411819920579	-0.0420338029727451	0.94931543781699	0.94931543781699
Bacteria_Firmicutes_Clostridia_Clostridiales_Lachnospiraceae_NA_204	0.857185421579727	0.857185421579727	-0.0477360536404627	0.95379443425777	0.95379443425777
Bacteria_Firmicutes_Erysipelotrichia_Erysipelotrichales_Erysipelotrichaceae_Turicibacter_58	0.859283687985247	0.859283687985247	0.0378562433747165	0.95413549062488	0.95413549062488
Bacteria_Firmicutes_Clostridia_Clostridiales_Lachnospiraceae_NA_385	0.861006243841972	0.861006243841972	0.0376720438570597	0.95413549062488	0.95413549062488
Bacteria_NA_NA_NA_NA_NA_455	0.865564724229193	0.865564724229193	0.0293777065754699	0.955793751163321	0.955793751163321
Bacteria_Firmicutes_Clostridia_Clostridiales_Lachnospiraceae_Roseburia_528	0.866023067352402	0.866023067352402	0.02751301654137	0.955793751163321	0.955793751163321
Bacteria_Firmicutes_Clostridia_Clostridiales_Lachnospiraceae_Dorea_266	0.870238714013044	0.870238714013044	-0.0263449487238958	0.955846223380814	0.955846223380814
Bacteria_Firmicutes_Clostridia_Clostridiales_Ruminococcaceae_Faecalibacterium_866	0.870855191577695	0.870855191577695	-0.0183194532598837	0.955846223380814	0.955846223380814
Bacteria_Bacteroidetes_Bacteroidia_Bacteroidales_Rikenellaceae_Alistipes_640	0.871351529601295	0.871351529601295	0.0147092820735914	0.955846223380814	0.955846223380814
Bacteria_Actinobacteria_Coriobacteriia_Coriobacteriales_Coriobacteriaceae_Collinsella_9	0.876352473646091	0.876352473646091	-0.0284250020446482	0.958922762684351	0.958922762684351
Bacteria_Firmicutes_Clostridia_Clostridiales_Ruminococcaceae_Subdoligranulum_219	0.877688053506671	0.877688053506671	-0.0260105829004578	0.958922762684351	0.958922762684351
Bacteria_Firmicutes_Clostridia_Clostridiales_Lachnospiraceae_Fusicatenibacter_192	0.880904986450836	0.880904986450836	0.0198457938131351	0.960504834624104	0.960504834624104
Bacteria_Firmicutes_Clostridia_Clostridiales_Lachnospiraceae_Dorea_212	0.892739390021466	0.892739390021466	0.019817536045079	0.967753307051581	0.967753307051581
Bacteria_Firmicutes_Clostridia_Clostridiales_Ruminococcaceae_Faecalibacterium_201	0.893779319802697	0.893779319802697	0.0271104664558069	0.967753307051581	0.967753307051581
Bacteria_Firmicutes_Clostridia_Clostridiales_Lachnospiraceae_Fusicatenibacter_242	0.895631539677956	0.895631539677956	-0.0187523477720295	0.967753307051581	0.967753307051581
Bacteria_Firmicutes_Clostridia_Clostridiales_Lachnospiraceae_NA_261	0.898721179503421	0.898721179503421	0.021878258528469	0.967753307051581	0.967753307051581
Bacteria_Firmicutes_Clostridia_Clostridiales_Ruminococcaceae_Faecalibacterium_145	0.899020684045157	0.899020684045157	-0.0228705359047095	0.967753307051581	0.967753307051581
Bacteria_Firmicutes_Clostridia_Clostridiales_Lachnospiraceae_Coprococcus_3_308	0.899996813015738	0.899996813015738	0.0191970416920273	0.967753307051581	0.967753307051581
Bacteria_Firmicutes_Clostridia_Clostridiales_Ruminococcaceae_Ruminococcus_1_140	0.900028397902484	0.900028397902484	0.0272140054391831	0.967753307051581	0.967753307051581
Bacteria_Firmicutes_Bacilli_Lactobacillales_Streptococcaceae_Streptococcus_450	0.907226076428133	0.907226076428133	0.0215664812875132	0.973564742095803	0.973564742095803
Bacteria_Firmicutes_Clostridia_Clostridiales_Ruminococcaceae_Ruminococcaceae_UCG-002_372	0.91284415997998	0.91284415997998	0.0205927647750667	0.977661496783293	0.977661496783293
Bacteria_Firmicutes_Clostridia_Clostridiales_Lachnospiraceae_Lachnospiraceae_NK4A136_group_132	0.916247123050628	0.916247123050628	-0.0262273121448405	0.978573588059203	0.978573588059203
Bacteria_Bacteroidetes_Bacteroidia_Bacteroidales_Rikenellaceae_Alistipes_606	0.921159422705787	0.921159422705787	0.0079920920966224	0.978573588059203	0.978573588059203
Bacteria_Firmicutes_Clostridia_Clostridiales_Lachnospiraceae_Coprococcus_3_1243	0.921735408091198	0.921735408091198	0.0102725515274221	0.978573588059203	0.978573588059203
NA_NA_NA_NA_NA_NA_1672	0.922383267547069	0.922383267547069	0.00459678541072931	0.978573588059203	0.978573588059203
Bacteria_Firmicutes_Clostridia_Clostridiales_Peptostreptococcaceae_Intestinibacter_294	0.922706587635933	0.922706587635933	-0.0172064361348173	0.978573588059203	0.978573588059203
Bacteria_Firmicutes_Clostridia_Clostridiales_Ruminococcaceae_Ruminococcus_2_256	0.927873576527527	0.927873576527527	0.0191326664432358	0.980633869671341	0.980633869671341
Bacteria_Bacteroidetes_Bacteroidia_Bacteroidales_Rikenellaceae_Alistipes_454	0.92826115839976	0.92826115839976	-0.0102796373167253	0.980633869671341	0.980633869671341
Bacteria_Proteobacteria_Gammaproteobacteria_Pasteurellales_Pasteurellaceae_Haemophilus_1251	0.93017702451161	0.93017702451161	-0.00843022557346472	0.980749755941367	0.980749755941367
Bacteria_Firmicutes_Clostridia_Clostridiales_Lachnospiraceae_NA_1527	0.932777252988087	0.932777252988087	0.00642443584674798	0.981134246669489	0.981134246669489
Bacteria_Firmicutes_Clostridia_Clostridiales_Ruminococcaceae_NA_377	0.934155442961557	0.934155442961557	0.0132821922508212	0.981134246669489	0.981134246669489
Bacteria_Actinobacteria_Coriobacteriia_Coriobacteriales_Coriobacteriaceae_Eggerthella_449	0.938419223297265	0.938419223297265	0.0130584426421071	0.983342365845378	0.983342365845378
Bacteria_Firmicutes_Clostridia_Clostridiales_Ruminococcaceae_Ruminiclostridium_5_270	0.939879719841162	0.939879719841162	0.0113414609346264	0.983342365845378	0.983342365845378
Bacteria_Firmicutes_Clostridia_Clostridiales_Christensenellaceae_Christensenellaceae_R-7_group_1502	0.942553039190967	0.942553039190967	0.00849982362918866	0.984242885155183	0.984242885155183
Bacteria_Firmicutes_Clostridia_Clostridiales_Peptostreptococcaceae_Romboutsia_129	0.946651896693037	0.946651896693037	-0.0148166907559851	0.984535582538712	0.984535582538712
Bacteria_Firmicutes_Clostridia_Clostridiales_Ruminococcaceae_Ruminococcaceae_UCG-010_1074	0.947175460257159	0.947175460257159	0.0045387096494662	0.984535582538712	0.984535582538712
Bacteria_Actinobacteria_Actinobacteria_Bifidobacteriales_Bifidobacteriaceae_Bifidobacterium_18	0.948272761819054	0.948272761819054	-0.0188957322580365	0.984535582538712	0.984535582538712
Bacteria_Firmicutes_Clostridia_Clostridiales_Clostridiaceae_1_Clostridium_sensu_stricto_1_119	0.950486196625725	0.950486196625725	0.0151822296475302	0.984950390778184	0.984950390778184
Bacteria_Firmicutes_Clostridia_Clostridiales_Ruminococcaceae_Subdoligranulum_550	0.956044048133574	0.956044048133574	0.00708055883158148	0.986526892806739	0.986526892806739
Bacteria_Firmicutes_Clostridia_Clostridiales_Lachnospiraceae_Roseburia_193	0.956750077694891	0.956750077694891	0.0122347968731336	0.986526892806739	0.986526892806739
Bacteria_Firmicutes_Clostridia_Clostridiales_Lachnospiraceae_NA_618	0.958962372474448	0.958962372474448	0.00795825646301716	0.986526892806739	0.986526892806739
Bacteria_Firmicutes_Clostridia_Clostridiales_Lachnospiraceae_NA_344	0.959274768696056	0.959274768696056	-0.00998060281312161	0.986526892806739	0.986526892806739
Bacteria_Firmicutes_Negativicutes_Selenomonadales_Acidaminococcaceae_Phascolarctobacterium_292	0.963104079263736	0.963104079263736	0.00553451448406206	0.986536609605074	0.986536609605074
Bacteria_Bacteroidetes_Bacteroidia_Bacteroidales_Bacteroidaceae_Bacteroides_249	0.965048339793286	0.965048339793286	0.00624513104622576	0.986536609605074	0.986536609605074
Bacteria_Firmicutes_Clostridia_Clostridiales_Lachnospiraceae_NA_276	0.966322611657215	0.966322611657215	0.00559175390481105	0.986536609605074	0.986536609605074
Bacteria_Firmicutes_Clostridia_Clostridiales_Ruminococcaceae_NA_313	0.966551521749354	0.966551521749354	0.00747595939620317	0.986536609605074	0.986536609605074
Bacteria_Firmicutes_Clostridia_Clostridiales_Ruminococcaceae_NA_1994	0.970402601225606	0.970402601225606	0.00328065243281521	0.988609029015955	0.988609029015955
Bacteria_Firmicutes_Clostridia_Clostridiales_Lachnospiraceae_Lachnospiraceae_FCS020_group_682	0.973962668575763	0.973962668575763	0.00362360311938314	0.990377769731534	0.990377769731534
Bacteria_Firmicutes_Clostridia_Clostridiales_Clostridiaceae_1_Clostridium_sensu_stricto_1_203	0.976906319792679	0.976906319792679	0.00558404604196577	0.991514264761541	0.991514264761541
Bacteria_Bacteroidetes_Bacteroidia_Bacteroidales_Bacteroidaceae_Bacteroides_76	0.979076562196705	0.979076562196705	-0.00555060089924891	0.991863009837333	0.991863009837333
Bacteria_Firmicutes_Clostridia_Clostridiales_Lachnospiraceae_Lachnospiraceae_NK4A136_group_536	0.981798913906174	0.981798913906174	-0.00412691030668531	0.992453720017095	0.992453720017095
Bacteria_Bacteroidetes_Bacteroidia_Bacteroidales_Bacteroidaceae_Bacteroides_420	0.984067133766122	0.984067133766122	-0.00258229738664849	0.992453720017095	0.992453720017095
Bacteria_Firmicutes_Clostridia_Clostridiales_Ruminococcaceae_Ruminiclostridium_5_609	0.98514282705196	0.98514282705196	-0.00241426518316677	0.992453720017095	0.992453720017095
Bacteria_Firmicutes_Clostridia_Clostridiales_Peptostreptococcaceae_Intestinibacter_1407	0.987793915442987	0.987793915442987	0.0016130045116871	0.992733239780518	0.992733239780518
Bacteria_Firmicutes_Clostridia_Clostridiales_Ruminococcaceae_Ruminococcaceae_UCG-013_465	0.989241614352609	0.989241614352609	0.00208503969126178	0.992733239780518	0.992733239780518
Bacteria_Proteobacteria_Deltaproteobacteria_Desulfovibrionales_Desulfovibrionaceae_Desulfovibrio_278	0.990905001769873	0.990905001769872	-0.0026149561627341	0.992733239780518	0.992733239780518
Bacteria_Firmicutes_Clostridia_Clostridiales_Family_XIII_Family_XIII_AD3011_group_414	0.999815097152929	0.99981509715293	-3.97357568339394e-05	0.999815097152929	0.99981509715293
