bugName	pval	p6M	p1Y	s6M	s1Y	Adjustedpval	Adjustedp6M	Adjustedp1Y
Bacteria_Proteobacteria_Gammaproteobacteria_Enterobacteriales_Enterobacteriaceae_NA_33	0.0074063771347499	0.00529687732225921	0.00772753606256881	1.41712584413839	1.38795385135936	0.681260200070141	0.710666996230385	0.50587025836114
Bacteria_Firmicutes_Clostridia_Clostridiales_Peptostreptococcaceae_Romboutsia_146	0.0153850500558481	0.0383017347425931	0.132817013332604	0.548024984570476	-0.380400355388722	0.681260200070141	0.710666996230385	0.506949231647716
Bacteria_Firmicutes_Clostridia_Clostridiales_Ruminococcaceae_Ruminiclostridium_9_482	0.0193395058046486	0.343832342231744	0.0264670472271666	-0.206394002601091	0.564923926112931	0.681260200070141	0.788018411588288	0.50587025836114
Bacteria_Firmicutes_Clostridia_Clostridiales_Lachnospiraceae_NA_48	0.0204801811328521	0.00675469986140841	0.0983084038305524	-1.79855233691243	-1.00805572223896	0.681260200070141	0.710666996230385	0.50587025836114
Bacteria_Firmicutes_Clostridia_Clostridiales_Lachnospiraceae_NA_223	0.0241383434562095	0.162964552926929	0.00778425899184594	-0.558941671027672	-1.26905754923867	0.681260200070141	0.788018411588288	0.50587025836114
Bacteria_Firmicutes_Clostridia_Clostridiales_Lachnospiraceae_Lachnoclostridium_268	0.0255889069751917	0.0137898268486358	0.0351195534548648	0.82066581335872	0.690768174489808	0.681260200070141	0.710666996230385	0.50587025836114
Bacteria_Firmicutes_Negativicutes_Selenomonadales_Veillonellaceae_Veillonella_132	0.0272262402214802	0.0156082890032836	0.0320963513683668	1.29663811370428	1.15108843556916	0.681260200070141	0.710666996230385	0.50587025836114
Bacteria_Bacteroidetes_Bacteroidia_Bacteroidales_Bacteroidaceae_Bacteroides_12	0.0287249734646324	0.0675427879051191	0.0118809717618084	0.825821941271031	1.26172803157181	0.681260200070141	0.710666996230385	0.50587025836114
Bacteria_Bacteroidetes_Bacteroidia_Bacteroidales_Rikenellaceae_Alistipes_66	0.0305854289533348	0.123239920477147	0.0107650616206079	0.441577493305165	0.831265711230327	0.681260200070141	0.787768903442156	0.50587025836114
Bacteria_Firmicutes_Clostridia_Clostridiales_Lachnospiraceae_Lachnospira_102	0.0312139382371251	0.0101337063401666	0.277667599088352	1.11535902297704	0.418674390388828	0.681260200070141	0.710666996230385	0.585689422924875
Bacteria_Firmicutes_Clostridia_Clostridiales_Lachnospiraceae_Lachnoclostridium_204	0.0313534945098686	0.0255583435997111	0.024862063840103	0.675880962782741	0.698713984617917	0.681260200070141	0.710666996230385	0.50587025836114
Bacteria_Firmicutes_Erysipelotrichia_Erysipelotrichales_Erysipelotrichaceae_Faecalitalea_515	0.0328661807732819	0.0164452516804845	0.0438415305340551	-0.831489810635391	-0.695056496828229	0.681260200070141	0.710666996230385	0.50587025836114
Bacteria_Bacteroidetes_Bacteroidia_Bacteroidales_Rikenellaceae_Alistipes_150	0.0329221770978639	0.72880147357393	0.0233058496679585	-0.143462311554917	1.12533842784013	0.681260200070141	0.879772853069561	0.50587025836114
Bacteria_Firmicutes_Clostridia_Clostridiales_Ruminococcaceae_Ruminiclostridium_9_621	0.0336144521729793	0.0178401940630211	0.999999691900595	0.581959814233048	-8.51328136646804e-08	0.681260200070141	0.710666996230385	0.999999691900595
Bacteria_Firmicutes_Clostridia_Clostridiales_Lachnospiraceae_Roseburia_55	0.0346369656564327	0.0123303999821694	0.516368194885081	1.37116491663794	0.312560177115076	0.681260200070141	0.710666996230385	0.753727962217857
Bacteria_Firmicutes_Clostridia_Clostridiales_Lachnospiraceae_Lachnospiraceae_NK4A136_group_119	0.0371587616233612	0.043306029305725	0.0212067694563469	0.889798524493338	1.08000727144015	0.681260200070141	0.710666996230385	0.50587025836114
Bacteria_Firmicutes_Erysipelotrichia_Erysipelotrichales_Erysipelotrichaceae_NA_390	0.0387341069264893	0.138019903601622	0.0137794460288004	-0.358058731376494	-0.676937658187754	0.681260200070141	0.788018411588288	0.50587025836114
Bacteria_Firmicutes_Clostridia_Clostridiales_Clostridiaceae_1_Clostridium_sensu_stricto_1_62	0.0467435622641291	0.58756936394281	0.0179336022063103	0.188865320529158	0.995967180390183	0.681260200070141	0.845555447864789	0.50587025836114
Bacteria_Firmicutes_Clostridia_Clostridiales_Ruminococcaceae_Anaerotruncus_889	0.0496426949459523	0.0215185178229813	0.840078796970272	-0.367469739754376	-0.0287502356473292	0.681260200070141	0.710666996230385	0.937451758428613
Bacteria_Firmicutes_Clostridia_Clostridiales_Ruminococcaceae_Ruminiclostridium_5_125	0.049921892755136	0.0283132184566438	0.0580390669361577	-0.578129691637261	-0.487781338461949	0.681260200070141	0.710666996230385	0.50587025836114
Bacteria_Firmicutes_Negativicutes_Selenomonadales_Acidaminococcaceae_Phascolarctobacterium_41	0.0519164859652754	0.998326205053929	0.0256964029057074	0.00101004220256993	1.26804817311992	0.681260200070141	0.998326205053929	0.50587025836114
Bacteria_Firmicutes_Clostridia_Clostridiales_Ruminococcaceae_Anaerotruncus_597	0.0520715404258638	0.235185450495346	0.100866394622721	-0.273351036472849	0.407517757906773	0.681260200070141	0.788018411588288	0.50587025836114
Bacteria_Firmicutes_Clostridia_Clostridiales_Lachnospiraceae_Lachnoclostridium_84	0.0524466609968788	0.379509275803927	0.0572734654646174	0.267290251623997	-0.632456077182171	0.681260200070141	0.788018411588288	0.50587025836114
Bacteria_Proteobacteria_Gammaproteobacteria_Enterobacteriales_Enterobacteriaceae_Escherichia/Shigella_4	0.0538333387498537	0.0764223202659443	0.0247367579659565	1.05497647694978	1.46925136119871	0.681260200070141	0.710666996230385	0.50587025836114
Bacteria_Firmicutes_Clostridia_Clostridiales_Lachnospiraceae_Roseburia_372	0.0581143936234301	0.454157827195311	0.02086377362639	0.230183334439191	0.846731524710885	0.681260200070141	0.789202598745899	0.50587025836114
Bacteria_Firmicutes_Clostridia_Clostridiales_Clostridiaceae_1_Clostridium_sensu_stricto_1_263	0.0695372786472596	0.0565639052504565	0.0483662681528762	0.640963092582873	0.68237946704636	0.681260200070141	0.710666996230385	0.50587025836114
Bacteria_Firmicutes_Clostridia_Clostridiales_Lachnospiraceae_Anaerostipes_138	0.0709112913067468	0.221364202828983	0.0255557917493469	-0.567511553320043	-1.1695636973856	0.681260200070141	0.788018411588288	0.50587025836114
Bacteria_Firmicutes_Negativicutes_Selenomonadales_Veillonellaceae_Veillonella_215	0.0744788373590568	0.0270612459070324	0.219599905927193	0.872509601157507	0.454077240976998	0.681260200070141	0.710666996230385	0.563259427260941
Bacteria_Bacteroidetes_Bacteroidia_Bacteroidales_Porphyromonadaceae_Parabacteroides_10	0.0752313939756545	0.182946032196893	0.0284769857168543	0.75431044658228	1.38605367016499	0.681260200070141	0.788018411588288	0.50587025836114
Bacteria_Firmicutes_Clostridia_Clostridiales_Ruminococcaceae_Anaerotruncus_159	0.0778238774872753	0.0769401698624316	0.0458927470485703	0.452610876856293	0.529460494745726	0.681260200070141	0.710666996230385	0.50587025836114
Bacteria_Firmicutes_Clostridia_Clostridiales_Lachnospiraceae_NA_76	0.0807782347471231	0.297382012041183	0.0287380842478184	-0.430926413473492	-1.01655963547299	0.681260200070141	0.788018411588288	0.50587025836114
Bacteria_Firmicutes_Clostridia_Clostridiales_Lachnospiraceae_NA_203	0.0829584320176218	0.203686409708036	0.166582295031398	0.3241868976497	-0.359034909790596	0.681260200070141	0.788018411588288	0.535454761769479
Bacteria_Firmicutes_Clostridia_Clostridiales_Ruminococcaceae_NA_359	0.0871664108121348	0.627344904062559	0.0698621071805073	-0.144741864914733	0.612696449853454	0.681260200070141	0.854135878863089	0.50587025836114
Bacteria_Firmicutes_Clostridia_Clostridiales_Ruminococcaceae_Faecalibacterium_9	0.087321713162095	0.279187600473426	0.0312583144530623	0.643992913328479	1.4695390036308	0.681260200070141	0.788018411588288	0.50587025836114
Bacteria_Firmicutes_Negativicutes_Selenomonadales_Veillonellaceae_Dialister_38	0.0874448148149041	0.652901975615867	0.0345154060750523	-0.291929716395465	-1.59507341000919	0.681260200070141	0.865227821344605	0.50587025836114
Bacteria_Firmicutes_Clostridia_Clostridiales_Lachnospiraceae_Lachnoclostridium_68	0.093663527624757	0.0441217917376683	0.894926958112441	0.672825971050109	0.041225463223494	0.681260200070141	0.710666996230385	0.962858707408105
Bacteria_Bacteroidetes_Bacteroidia_Bacteroidales_Porphyromonadaceae_Coprobacter_252	0.0963000132557369	0.074453373845725	0.646315743999375	0.566566169213091	-0.140426005471348	0.681260200070141	0.710666996230385	0.853036238266017
Bacteria_Bacteroidetes_Bacteroidia_Bacteroidales_Bacteroidaceae_Bacteroides_5	0.106646026357159	0.0623133774246848	0.0888344827504579	0.98036628136006	0.920052450822706	0.681260200070141	0.710666996230385	0.50587025836114
Bacteria_Firmicutes_Clostridia_Clostridiales_Ruminococcaceae_Ruminiclostridium_5_358	0.108342260212073	0.0598981776636227	0.107532482764746	-0.488789546626966	-0.414983653244464	0.681260200070141	0.710666996230385	0.506004798606583
Bacteria_Proteobacteria_Deltaproteobacteria_Desulfovibrionales_Desulfovibrionaceae_Bilophila_73	0.109344650216333	0.0634619750505148	0.102415451079249	0.687574057231779	0.600095106244809	0.681260200070141	0.710666996230385	0.50587025836114
Bacteria_Firmicutes_Clostridia_Clostridiales_Ruminococcaceae_Intestinimonas_341	0.110261267295494	0.0532369116851096	0.980148166297502	-0.538708112247831	-0.00639052969732131	0.681260200070141	0.710666996230385	0.999505227756263
Bacteria_Bacteroidetes_Bacteroidia_Bacteroidales_Porphyromonadaceae_Butyricimonas_140	0.112015275189664	0.497906651443371	0.0416240154518281	0.193491303775173	0.655549676867478	0.681260200070141	0.799397850550944	0.50587025836114
Bacteria_Firmicutes_Clostridia_Clostridiales_Ruminococcaceae_NA_567	0.112588699883535	0.394146555143641	0.0413340862024257	0.164699665380611	0.448522288871395	0.681260200070141	0.788018411588288	0.50587025836114
Bacteria_Firmicutes_Clostridia_Clostridiales_Lachnospiraceae_Roseburia_79	0.113239398233846	0.0419910539202803	0.28722716849704	1.22247999098371	0.616592939715433	0.681260200070141	0.710666996230385	0.588426810111735
Bacteria_Bacteroidetes_Bacteroidia_Bacteroidales_Porphyromonadaceae_Odoribacter_207	0.115448417842331	0.379414967789439	0.151312610288052	0.367724730686452	-0.649723497073301	0.681260200070141	0.788018411588288	0.530407644665646
Bacteria_Firmicutes_Clostridia_Clostridiales_Family_XIII_Family_XIII_AD3011_group_903	0.116096273107991	0.0738362579081595	0.0853661251229861	-0.36570911489416	-0.365705800400837	0.681260200070141	0.710666996230385	0.50587025836114
Bacteria_Firmicutes_Clostridia_Clostridiales_Ruminococcaceae_NA_388	0.117874921676912	0.0900881017849427	0.0736048149641308	-0.700350197125234	-0.778025277310056	0.681260200070141	0.72704443343546	0.50587025836114
Bacteria_Proteobacteria_Gammaproteobacteria_Pasteurellales_Pasteurellaceae_Haemophilus_98	0.119570503459105	0.431851305113346	0.0446123788321547	0.325041711422847	0.952636754835735	0.681260200070141	0.788018411588288	0.50587025836114
Bacteria_Firmicutes_Clostridia_Clostridiales_Ruminococcaceae_Faecalibacterium_30	0.121388835897113	0.804601582770253	0.0531849747680034	0.145880294344027	1.30328286276919	0.681260200070141	0.921591096345647	0.50587025836114
Bacteria_Firmicutes_Bacilli_Lactobacillales_Streptococcaceae_Streptococcus_60	0.128526656527671	0.0577540484316517	0.168637243250208	0.822387415325567	0.589890115421912	0.681260200070141	0.710666996230385	0.535454761769479
Bacteria_Firmicutes_Clostridia_Clostridiales_Lachnospiraceae_NA_130	0.12999838870925	0.333757192309906	0.0488956116049304	0.505611575516013	1.1603304307749	0.681260200070141	0.788018411588288	0.50587025836114
Bacteria_Firmicutes_Clostridia_Clostridiales_Lachnospiraceae_NA_417	0.131107931827666	0.0636552624142603	0.14834097052429	-0.508525987291614	-0.394628452058095	0.681260200070141	0.710666996230385	0.529299831294632
Bacteria_Firmicutes_Clostridia_Clostridiales_Christensenellaceae_NA_1099	0.13261034967939	0.0689036211032374	0.925303316431883	0.20535512878189	-0.00976063601995438	0.681260200070141	0.710666996230385	0.97620997138121
Bacteria_Firmicutes_Erysipelotrichia_Erysipelotrichales_Erysipelotrichaceae_Faecalitalea_419	0.134623072150511	0.0850184443343099	0.097571812209969	-0.583930445796487	-0.58390910300269	0.681260200070141	0.710666996230385	0.50587025836114
Bacteria_Firmicutes_Clostridia_Clostridiales_Ruminococcaceae_Ruminiclostridium_5_399	0.136363314784205	0.632742691791173	0.0555728942002504	0.105488410879529	0.484679428470851	0.681260200070141	0.854135878863089	0.50587025836114
Bacteria_Firmicutes_Clostridia_Clostridiales_Lachnospiraceae_NA_88	0.141226446629565	0.0766847007987762	0.125697769588389	0.949758360767434	0.838351009147066	0.681260200070141	0.710666996230385	0.506949231647716
Bacteria_Bacteroidetes_Bacteroidia_Bacteroidales_Bacteroidaceae_Bacteroides_22	0.142854236755136	0.106401723762173	0.0961146261291543	0.617010608123701	0.646883544152349	0.681260200070141	0.740546106159147	0.50587025836114
Bacteria_Firmicutes_Clostridia_Clostridiales_Ruminococcaceae_Intestinimonas_251	0.147465314698671	0.120456881699651	0.569259613893866	0.507979095560552	-0.180369909892812	0.681260200070141	0.785378868681722	0.789180465448746
Bacteria_Firmicutes_Clostridia_Clostridiales_Lachnospiraceae_Lachnoclostridium_57	0.149474841819413	0.300173575999608	0.221157075734357	0.416907770080687	-0.507565055128175	0.681260200070141	0.788018411588288	0.563259427260941
Bacteria_Bacteroidetes_Bacteroidia_Bacteroidales_Rikenellaceae_Alistipes_31	0.151557301558988	0.593166984960841	0.0597299284969602	0.216475692115279	0.853323684584409	0.681260200070141	0.845555447864789	0.50587025836114
Bacteria_Firmicutes_Clostridia_Clostridiales_Lachnospiraceae_Blautia_42	0.15385547677734	0.729776959210956	0.0655950066981762	-0.146296853416665	-0.88453797339579	0.681260200070141	0.879772853069561	0.50587025836114
Bacteria_Fusobacteria_Fusobacteriia_Fusobacteriales_Fusobacteriaceae_Fusobacterium_499	0.153988858324309	0.0714070822875388	0.173892973626451	0.56390685296281	0.42795585449377	0.681260200070141	0.710666996230385	0.535454761769479
Bacteria_Firmicutes_Clostridia_Clostridiales_Ruminococcaceae_Ruminococcaceae_UCG-005_233	0.155951318593683	0.546094263657623	0.0617708936925201	0.241376911667882	0.849654048579084	0.681260200070141	0.805550814264186	0.50587025836114
Bacteria_Firmicutes_Clostridia_Clostridiales_Lachnospiraceae_Lachnospiraceae_UCG-004_144	0.160114736452889	0.311309376933568	0.0633222827963095	0.457369425044024	0.929770313290132	0.681260200070141	0.788018411588288	0.50587025836114
Bacteria_Firmicutes_Clostridia_Clostridiales_Lachnospiraceae_Lachnoclostridium_145	0.161519257566561	0.497901496960296	0.0625015152725845	-0.223607256836465	-0.6755992820155	0.681260200070141	0.799397850550944	0.50587025836114
Bacteria_Firmicutes_Clostridia_Clostridiales_Ruminococcaceae_NA_136	0.161787341458437	0.0631309197682192	0.518054507261229	-0.662533693516705	-0.219652401761558	0.681260200070141	0.710666996230385	0.753727962217857
Bacteria_Firmicutes_Clostridia_Clostridiales_Lachnospiraceae_Blautia_94	0.162653096927363	0.132878351657508	0.0942251560995728	-0.899573645765349	-1.0549460649057	0.681260200070141	0.788018411588288	0.50587025836114
Bacteria_Actinobacteria_Actinobacteria_Bifidobacteriales_Bifidobacteriaceae_Bifidobacterium_181	0.163411198080114	0.174697252822564	0.0793704735374085	-0.561000964098109	-0.778416784924857	0.681260200070141	0.788018411588288	0.50587025836114
Bacteria_Firmicutes_Clostridia_Clostridiales_Ruminococcaceae_Butyricicoccus_614	0.166743912093615	0.152970484953118	0.0884558695891279	-0.382400970932849	-0.48458878901418	0.681260200070141	0.788018411588288	0.50587025836114
Bacteria_Firmicutes_Clostridia_Clostridiales_Ruminococcaceae_Ruminiclostridium_5_189	0.167053957899867	0.0701427016063582	0.269678349367107	-0.552721194830602	-0.324354462046579	0.681260200070141	0.710666996230385	0.58543601175958
Bacteria_Firmicutes_Clostridia_Clostridiales_Lachnospiraceae_Hungatella_442	0.167825224482901	0.14310626706001	0.0930268606375673	0.437208228969268	0.531401516509865	0.681260200070141	0.788018411588288	0.50587025836114
Bacteria_Firmicutes_Clostridia_Clostridiales_Clostridiaceae_1_Clostridium_sensu_stricto_1_222	0.168343955253305	0.762651162271789	0.114641841736849	-0.0918376238536446	0.534810723822236	0.681260200070141	0.894642189763	0.506949231647716
Bacteria_Bacteroidetes_Bacteroidia_Bacteroidales_Bacteroidaceae_Bacteroides_1	0.168943439587686	0.230948171016133	0.07247837188795	0.568988818967701	0.934949113237328	0.681260200070141	0.788018411588288	0.50587025836114
Bacteria_Firmicutes_Clostridia_Clostridiales_Family_XIII_Family_XIII_AD3011_group_243	0.170023604658529	0.397854871849708	0.195281492269106	-0.192125285471913	0.309040978387625	0.681260200070141	0.788018411588288	0.546731297649123
Bacteria_Firmicutes_Clostridia_Clostridiales_Lachnospiraceae_Lachnospiraceae_NK4A136_group_148	0.172239022921646	0.840374074881584	0.0808169440983722	0.0897422311141192	0.881673310242954	0.681260200070141	0.944696373832401	0.50587025836114
Bacteria_Firmicutes_Clostridia_Clostridiales_Lachnospiraceae_Fusicatenibacter_167	0.173872688527575	0.608652329774834	0.131594594738172	-0.0877406133468386	0.275371545289805	0.681260200070141	0.854135878863089	0.506949231647716
Bacteria_Firmicutes_Clostridia_Clostridiales_Eubacteriaceae_Eubacterium_697	0.179211207339767	0.399423362811612	0.201899468171821	0.151040933456443	-0.237694624687076	0.681260200070141	0.788018411588288	0.546731297649123
Bacteria_Firmicutes_Clostridia_Clostridiales_NA_NA_676	0.180814952836856	0.239728694606773	0.0786420151887544	0.267938160748799	0.437618507000428	0.681260200070141	0.788018411588288	0.50587025836114
Bacteria_Firmicutes_Clostridia_Clostridiales_Lachnospiraceae_Coprococcus_2_124	0.181252604034721	0.682667834627014	0.0773300627337479	0.188409399824802	0.921378184825222	0.681260200070141	0.870721093318216	0.50587025836114
Bacteria_Firmicutes_Clostridia_Clostridiales_Lachnospiraceae_Blautia_133	0.188600014096692	0.0758639511094971	0.336808543154151	-1.08331471847091	-0.577276309175945	0.681260200070141	0.710666996230385	0.630559018866553
Bacteria_Firmicutes_Clostridia_Clostridiales_Lachnospiraceae_Roseburia_232	0.189295663250708	0.445542432166436	0.0749767585047211	0.336846028206617	0.88078587354742	0.681260200070141	0.789202598745899	0.50587025836114
Bacteria_Firmicutes_Erysipelotrichia_Erysipelotrichales_Erysipelotrichaceae_Dielma_721	0.19086848367453	0.0781902921815744	0.341769557216884	-0.224168903042872	-0.11635356343916	0.681260200070141	0.710666996230385	0.630559018866553
Bacteria_Firmicutes_Clostridia_Clostridiales_Lachnospiraceae_Lachnospiraceae_FCS020_group_453	0.191579241798645	0.321502881974321	0.0792446935571637	-0.261185648321494	-0.503146858789435	0.681260200070141	0.788018411588288	0.50587025836114
Bacteria_Firmicutes_Erysipelotrichia_Erysipelotrichales_Erysipelotrichaceae_Holdemania_350	0.191733472526512	0.138596788166601	0.127943542448054	-0.179815621848743	-0.1862482112235	0.681260200070141	0.788018411588288	0.506949231647716
Bacteria_Firmicutes_Clostridia_Clostridiales_Lachnospiraceae_Blautia_340	0.19456002833432	0.214765667975853	0.0915897722596728	-0.505046205504643	-0.740063115642253	0.681260200070141	0.788018411588288	0.50587025836114
Bacteria_Firmicutes_Clostridia_Clostridiales_Ruminococcaceae_NA_736	0.196638757460195	0.768404334765767	0.0851042018632656	0.0519249671760788	0.332418981156361	0.681260200070141	0.894642189763	0.50587025836114
Bacteria_Firmicutes_Clostridia_Clostridiales_Lachnospiraceae_Blautia_307	0.198033118182586	0.766687761220739	0.0863692519798781	-0.113073660569579	-0.723162541112245	0.681260200070141	0.894642189763	0.50587025836114
Bacteria_Firmicutes_Clostridia_Clostridiales_Ruminococcaceae_Intestinimonas_430	0.198185283152196	0.705688877332231	0.0843462028794446	0.0960275661215433	0.48856584979561	0.681260200070141	0.879772853069561	0.50587025836114
Bacteria_Firmicutes_Clostridia_Clostridiales_Lachnospiraceae_Lachnospiraceae_UCG-010_619	0.198413763082993	0.0792986800180528	0.425830351187751	0.345257880320305	0.152160741720825	0.681260200070141	0.710666996230385	0.697591429583954
Bacteria_Actinobacteria_Coriobacteriia_Coriobacteriales_Coriobacteriaceae_Gordonibacter_981	0.198587129642154	0.0835635443222869	0.653204120875038	-0.448226340755678	-0.112584277374108	0.681260200070141	0.710666996230385	0.857889828172816
Bacteria_Firmicutes_Clostridia_Clostridiales_Lachnospiraceae_Lachnospiraceae_UCG-004_568	0.200220359565891	0.422930856502468	0.0800596044608719	0.251549600617134	0.612630874995851	0.681260200070141	0.788018411588288	0.50587025836114
Bacteria_Firmicutes_Clostridia_Clostridiales_Lachnospiraceae_Lachnoclostridium_483	0.202915145157543	0.0914381035915763	0.23831769150435	0.544158608070485	0.382254522933959	0.681260200070141	0.72704443343546	0.577927829091021
Bacteria_Firmicutes_Clostridia_Clostridiales_Lachnospiraceae_Lachnospiraceae_FCS020_group_502	0.208044829185927	0.449137571799804	0.0837295613085316	0.196982602652872	0.50229007652646	0.681260200070141	0.789202598745899	0.50587025836114
Bacteria_Firmicutes_Negativicutes_Selenomonadales_Veillonellaceae_Dialister_400	0.208202760491038	0.0840347902800524	0.495227713339406	0.382146700179601	0.146956316815563	0.681260200070141	0.710666996230385	0.753727962217857
Bacteria_Firmicutes_Negativicutes_Selenomonadales_Veillonellaceae_Megasphaera_1035	0.208382167523355	0.409161843940221	0.0840712803596234	0.185975053841679	0.432584578090982	0.681260200070141	0.788018411588288	0.50587025836114
Bacteria_Bacteroidetes_Bacteroidia_Bacteroidales_Porphyromonadaceae_Butyricimonas_271	0.209864897124127	0.233259718919251	0.0967121603187013	0.492455977819254	0.744024550332478	0.681260200070141	0.788018411588288	0.50587025836114
Bacteria_Firmicutes_Clostridia_Clostridiales_Lachnospiraceae_Lachnoclostridium_312	0.211585160793583	0.159190814389043	0.12880412999214	-0.502275011735394	-0.564632210720722	0.681260200070141	0.788018411588288	0.506949231647716
Bacteria_Firmicutes_Clostridia_Clostridiales_Ruminococcaceae_NA_40	0.212409547225211	0.164568836281916	0.122189085703245	0.882028679438386	1.0362873896085	0.681260200070141	0.788018411588288	0.506949231647716
Bacteria_Firmicutes_Clostridia_Clostridiales_Lachnospiraceae_Roseburia_101	0.212857944966963	0.106765849660981	0.92242448207858	0.92078323393601	0.054200471835962	0.681260200070141	0.740546106159147	0.97620997138121
Bacteria_Firmicutes_Clostridia_Clostridiales_Lachnospiraceae_Blautia_1223	0.215709640198107	0.318759057103226	0.323834395635586	0.210951445873423	-0.215865710780563	0.681260200070141	0.788018411588288	0.617368496942696
Bacteria_Firmicutes_Clostridia_Clostridiales_Family_XIII_NA_1069	0.217143069857121	0.230191806275079	0.463008166842225	0.189439774375643	-0.117570727534443	0.681260200070141	0.788018411588288	0.728376544302058
Bacteria_Bacteroidetes_Bacteroidia_Bacteroidales_Bacteroidaceae_Bacteroides_64	0.222291107936304	0.418915673843021	0.0911231542454224	0.405226040903485	0.928282002365397	0.681260200070141	0.788018411588288	0.50587025836114
Bacteria_Fusobacteria_Fusobacteriia_Fusobacteriales_Fusobacteriaceae_Fusobacterium_578	0.223464564368925	0.215058918554922	0.110203499083029	0.401604833220184	0.556113258942766	0.681260200070141	0.788018411588288	0.506004798606583
Bacteria_Verrucomicrobia_Verrucomicrobiae_Verrucomicrobiales_Verrucomicrobiaceae_Akkermansia_13	0.225243095461306	0.0940314334753221	0.642709543883137	0.780800482644303	0.204425624594914	0.681260200070141	0.729863031260834	0.853036238266017
Bacteria_Bacteroidetes_Bacteroidia_Bacteroidales_Porphyromonadaceae_Parabacteroides_117	0.225604913792424	0.256038378817065	0.105419300608542	0.586930322271418	0.897499316338377	0.681260200070141	0.788018411588288	0.506004798606583
Bacteria_Firmicutes_Clostridia_Clostridiales_Ruminococcaceae_Ruminiclostridium_5_113	0.228181328883026	0.326029944826687	0.0993506998688254	0.409072218097111	0.735424050713206	0.681260200070141	0.788018411588288	0.50587025836114
Bacteria_Firmicutes_Bacilli_Bacillales_Staphylococcaceae_Staphylococcus_135	0.229192326136439	0.881843139969351	0.108920833999047	-0.017801795127037	-0.211654340562378	0.681260200070141	0.953610696361748	0.506004798606583
Bacteria_Firmicutes_Erysipelotrichia_Erysipelotrichales_Erysipelotrichaceae_Candidatus_Stoquefichus_176	0.22989872775857	0.09761692233379	0.664417847061806	-0.659241076128726	-0.166065246366714	0.681260200070141	0.740072480949199	0.862949076263541
Bacteria_Bacteroidetes_Bacteroidia_Bacteroidales_Rikenellaceae_Alistipes_92	0.231735401758612	0.202916087864812	0.124198136117475	0.644196172953661	0.82184172043503	0.681260200070141	0.788018411588288	0.506949231647716
Bacteria_Firmicutes_Clostridia_Clostridiales_Lachnospiraceae_Tyzzerella_1236	0.235971056441262	0.136516200975279	0.189812319161048	0.292708687529328	0.260854590706812	0.681260200070141	0.788018411588288	0.546731297649123
Bacteria_Firmicutes_Clostridia_Clostridiales_Lachnospiraceae_NA_698	0.236358618672323	0.533429490111751	0.0977618196973358	-0.168821401895294	-0.496324810521547	0.681260200070141	0.799957584653981	0.50587025836114
Bacteria_Bacteroidetes_Bacteroidia_Bacteroidales_Bacteroidaceae_Bacteroides_7	0.239596420671674	0.765589934656672	0.157806041273537	0.159596457237124	-0.823246651388021	0.681260200070141	0.894642189763	0.535454761769479
Bacteria_Firmicutes_Negativicutes_Selenomonadales_Acidaminococcaceae_Acidaminococcus_77	0.240821925230644	0.25178101758931	0.46391413834569	0.495369094420708	-0.320703997944273	0.681260200070141	0.788018411588288	0.728376544302058
Bacteria_Bacteroidetes_Bacteroidia_Bacteroidales_Rikenellaceae_Alistipes_163	0.243730643578667	0.118514858781382	0.92306247940827	0.558562991026916	0.0330596943479635	0.681260200070141	0.785378868681722	0.97620997138121
Bacteria_Synergistetes_Synergistia_Synergistales_Synergistaceae_Cloacibacillus_264	0.244246730559632	0.101739636662532	0.522015090214106	0.518781155662375	0.19978087977369	0.681260200070141	0.740546106159147	0.753727962217857
Bacteria_Firmicutes_Clostridia_Clostridiales_Ruminococcaceae_Butyricicoccus_156	0.246949735019842	0.334369263013967	0.109898287791194	-0.344230454880451	-0.604967698429165	0.681260200070141	0.788018411588288	0.506004798606583
Bacteria_Firmicutes_Clostridia_Clostridiales_Lachnospiraceae_NA_82	0.247892336497917	0.992125994227151	0.129601288150553	-0.00444476274820247	0.745913613318522	0.681260200070141	0.998326205053929	0.506949231647716
Bacteria_Cyanobacteria_Chloroplast_NA_NA_NA_620	0.250606523450361	0.139913449667401	0.201646329760347	0.311806864465141	0.276561218258632	0.681260200070141	0.788018411588288	0.546731297649123
Bacteria_Firmicutes_Bacilli_Lactobacillales_Enterococcaceae_Enterococcus_224	0.251670044924007	0.105347834356038	0.571308557809522	0.489880821542252	0.163664587693115	0.681260200070141	0.740546106159147	0.789180465448746
Bacteria_Firmicutes_Clostridia_Clostridiales_Lachnospiraceae_NA_65	0.256335149843049	0.126499449325215	0.251526448123192	-0.942841297921295	-0.716757196753652	0.681260200070141	0.788018411588288	0.577927829091021
Bacteria_Firmicutes_Clostridia_Clostridiales_Ruminococcaceae_Ruminiclostridium_9_234	0.2590794733488	0.424653905665644	0.313458470503694	0.332803213338642	-0.443854552702338	0.681260200070141	0.788018411588288	0.61190096637248
Bacteria_Firmicutes_Negativicutes_Selenomonadales_Veillonellaceae_Veillonella_421	0.260383642762396	0.170125149016717	0.16929837386168	0.540170344910726	0.566130193855852	0.681260200070141	0.788018411588288	0.535454761769479
Bacteria_Firmicutes_Clostridia_Clostridiales_Lachnospiraceae_NA_901	0.261600078722059	0.667490955054532	0.198563238892175	0.107318413826904	-0.34697802317628	0.681260200070141	0.870721093318216	0.546731297649123
Bacteria_Actinobacteria_Coriobacteriia_Coriobacteriales_Coriobacteriaceae_Atopobium_875	0.263231270505885	0.33199350298055	0.40755619633193	-0.197094384708372	0.174792868307017	0.681260200070141	0.788018411588288	0.688933634425713
Bacteria_Firmicutes_Clostridia_Clostridiales_Ruminococcaceae_Anaerotruncus_712	0.265216664800597	0.463921039186881	0.279314558423992	0.163393984607789	-0.253766435138513	0.681260200070141	0.789202598745899	0.585689422924875
Bacteria_Firmicutes_Erysipelotrichia_Erysipelotrichales_Erysipelotrichaceae_Faecalitalea_137	0.26859894587338	0.479758569268269	0.113638352242354	-0.386491413626118	-0.949624647633317	0.681260200070141	0.799397850550944	0.506949231647716
Bacteria_Firmicutes_Clostridia_Clostridiales_Ruminococcaceae_NA_551	0.269424720457371	0.155978552581756	0.207106501027654	0.426947079807117	0.389703082257928	0.681260200070141	0.788018411588288	0.548916417357848
Bacteria_Firmicutes_Clostridia_Clostridiales_Lachnospiraceae_NA_348	0.270758822496424	0.238510874876164	0.559552654566512	0.32552498301001	-0.161975677911956	0.681260200070141	0.788018411588288	0.786267954261564
Bacteria_Actinobacteria_Coriobacteriia_Coriobacteriales_Coriobacteriaceae_Collinsella_172	0.271019534585832	0.283770682934325	0.493516465959953	-0.518210980493702	0.34004405930276	0.681260200070141	0.788018411588288	0.753727962217857
Bacteria_Firmicutes_Clostridia_Clostridiales_Family_XIII_Family_XIII_AD3011_group_362	0.272572771610488	0.119974031101601	0.678029756097628	-0.606387321080246	-0.158615873564726	0.681260200070141	0.785378868681722	0.866082803404592
Bacteria_Firmicutes_Clostridia_Clostridiales_Lachnospiraceae_NA_808	0.274287989739186	0.238767780274818	0.149210121202261	-0.271520325222495	-0.346005623395796	0.681260200070141	0.788018411588288	0.529299831294632
Bacteria_Verrucomicrobia_Verrucomicrobiae_Verrucomicrobiales_Verrucomicrobiaceae_Akkermansia_26	0.276339714079863	0.368965767049623	0.122970743413152	0.573382157038384	1.05942856093191	0.681260200070141	0.788018411588288	0.506949231647716
Bacteria_Firmicutes_Clostridia_Clostridiales_Lachnospiraceae_NA_265	0.280718874579987	0.516005819088912	0.282065151531305	-0.27403909338777	0.483948036833619	0.681260200070141	0.799768330936384	0.585689422924875
Bacteria_Verrucomicrobia_Verrucomicrobiae_Verrucomicrobiales_Verrucomicrobiaceae_Akkermansia_200	0.282918217113972	0.146147134229933	0.264839961104675	0.563472340885616	0.433907436787933	0.681260200070141	0.788018411588288	0.579448505504188
Bacteria_Firmicutes_Clostridia_Clostridiales_Lachnospiraceae_Blautia_269	0.283523498702978	0.693081547058718	0.124969958918294	-0.161762282305941	-0.683262215384956	0.681260200070141	0.874282785024516	0.506949231647716
Bacteria_Firmicutes_Bacilli_Lactobacillales_Streptococcaceae_Streptococcus_865	0.287060326902713	0.372041510078862	0.127253768165626	0.206946767457256	0.385175089266595	0.681260200070141	0.788018411588288	0.506949231647716
Bacteria_Firmicutes_Clostridia_Clostridiales_Lachnospiraceae_Howardella_800	0.293223463656447	0.724146672185395	0.131141326734887	-0.0812312177942918	-0.375465085178266	0.681260200070141	0.879772853069561	0.506949231647716
Bacteria_Firmicutes_Clostridia_Clostridiales_Lachnospiraceae_NA_248	0.304462309339681	0.232516926841443	0.17201119868959	0.438053906348572	0.53028606891993	0.681260200070141	0.788018411588288	0.535454761769479
Bacteria_Firmicutes_Clostridia_Clostridiales_Lachnospiraceae_NA_768	0.307054937985062	0.523955421452305	0.133735073379459	-0.210018329683074	-0.537876461306829	0.681260200070141	0.799768330936384	0.506949231647716
Bacteria_Firmicutes_Clostridia_Clostridiales_Lachnospiraceae_NA_715	0.310883255328515	0.452393074613123	0.137779728520301	-0.169104391278483	-0.358996509819257	0.681260200070141	0.789202598745899	0.514020235071639
Bacteria_Firmicutes_Clostridia_Clostridiales_Lachnospiraceae_NA_154	0.314177189297667	0.642869957605995	0.138753928485596	0.132065306476492	0.451599636907036	0.681260200070141	0.858916418768666	0.514020235071639
Bacteria_Firmicutes_NA_NA_NA_NA_662	0.315172453156497	0.618139508566018	0.250383702588455	-0.0731240102179742	0.177061357810398	0.681260200070141	0.854135878863089	0.577927829091021
Bacteria_Bacteroidetes_Bacteroidia_Bacteroidales_Bacteroidaceae_Bacteroides_161	0.32035132126457	0.22259081182087	0.205220155755218	-0.617865080282619	-0.659182433407774	0.681260200070141	0.788018411588288	0.54837517029673
Bacteria_Firmicutes_Clostridia_Clostridiales_Lachnospiraceae_Blautia_416	0.320549951015856	0.891778132524097	0.157714372374179	-0.0372374513480012	-0.416022497461746	0.681260200070141	0.959064080388409	0.535454761769479
Bacteria_Bacteroidetes_Bacteroidia_Bacteroidales_Bacteroidaceae_Bacteroides_15	0.321420583063211	0.830577958581306	0.154376307818733	-0.128028497130209	-0.928272825629897	0.681260200070141	0.940168105894118	0.535390173924544
Bacteria_Firmicutes_Negativicutes_Selenomonadales_Acidaminococcaceae_Phascolarctobacterium_295	0.322379668080067	0.362220794662914	0.420105036880603	-0.0659252219601155	0.0581424699179607	0.681260200070141	0.788018411588288	0.697591429583954
Bacteria_Firmicutes_Clostridia_Clostridiales_Ruminococcaceae_Ruminiclostridium_5_342	0.324660748408011	0.636671836085063	0.144492346931821	-0.167365063702942	-0.558791751189933	0.681260200070141	0.854135878863089	0.529264102244649
Bacteria_Firmicutes_Clostridia_Clostridiales_Lachnospiraceae_NA_972	0.327646361004293	0.676587528854846	0.149372958524865	-0.111444878633682	-0.423738851804989	0.681260200070141	0.870721093318216	0.529299831294632
Bacteria_Bacteroidetes_Bacteroidia_Bacteroidales_Bacteroidaceae_Bacteroides_139	0.328165798088957	0.333327960534049	0.466515806802698	-0.0131921248220675	0.00982442422721705	0.681260200070141	0.788018411588288	0.728376544302058
Bacteria_Actinobacteria_Actinobacteria_Corynebacteriales_Corynebacteriaceae_Corynebacterium_840	0.329223512673259	0.145813315818415	0.550598592683329	-0.0918964481145729	-0.0367805091459054	0.681260200070141	0.788018411588288	0.780413657455501
Bacteria_Firmicutes_Clostridia_Clostridiales_Lachnospiraceae_Fusicatenibacter_323	0.331732637704484	0.395833210889217	0.396813528014935	0.0379840994601904	-0.0379233058514183	0.681260200070141	0.788018411588288	0.677283822685177
Bacteria_Bacteroidetes_Bacteroidia_Bacteroidales_Bacteroidaceae_Bacteroides_25	0.332348813510977	0.762929599140812	0.219938373032306	-0.123156239837707	0.530388036835576	0.681260200070141	0.894642189763	0.563259427260941
Bacteria_Firmicutes_Clostridia_Clostridiales_Ruminococcaceae_Anaerotruncus_1000	0.332374733547656	0.612100989722283	0.281906573920325	0.0931446157907992	-0.210996555208675	0.681260200070141	0.854135878863089	0.585689422924875
Bacteria_Firmicutes_Clostridia_Clostridiales_NA_NA_611	0.3372799625744	0.192936627038586	0.259113082120156	0.233146463213172	0.207862317152566	0.681260200070141	0.788018411588288	0.577985890755365
Bacteria_Proteobacteria_Betaproteobacteria_Burkholderiales_Alcaligenaceae_Sutterella_225	0.33838400586458	0.257293839254422	0.640176917582044	-0.10393729245969	0.0417899333589794	0.681260200070141	0.788018411588288	0.853036238266017
Bacteria_Firmicutes_Erysipelotrichia_Erysipelotrichales_Erysipelotrichaceae_Holdemania_554	0.339272593586579	0.191365615902814	0.276262332658638	-0.21704046545486	-0.182372290283847	0.681260200070141	0.788018411588288	0.585689422924875
Bacteria_Firmicutes_Clostridia_Clostridiales_Lachnospiraceae_NA_196	0.342254011750604	0.154744925642118	0.655259408635065	-0.63462276641207	-0.195536823898899	0.681260200070141	0.788018411588288	0.857889828172816
Bacteria_NA_NA_NA_NA_NA_1122	0.346799200188418	0.170437704441576	0.340755780801094	0.190556873849945	0.134960383738008	0.681260200070141	0.788018411588288	0.630559018866553
Bacteria_Bacteroidetes_Bacteroidia_Bacteroidales_Bacteroidaceae_Bacteroides_59	0.347454003295784	0.980178083459676	0.186174985358835	-0.0026262061370981	0.146532226204651	0.681260200070141	0.992354208720045	0.546731297649123
Bacteria_Firmicutes_Clostridia_Clostridiales_Ruminococcaceae_Flavonifractor_108	0.34794648359411	0.234062623430223	0.771166364765665	-0.382396594623211	0.0932740871542885	0.681260200070141	0.788018411588288	0.920137007664421
Bacteria_Firmicutes_Clostridia_Clostridiales_Lachnospiraceae_NA_2037	0.348132377170969	0.243048659381156	0.707837418988996	0.0378567426071542	-0.0117923053245661	0.681260200070141	0.788018411588288	0.879447622901359
Bacteria_Firmicutes_Clostridia_Clostridiales_Lachnospiraceae_NA_856	0.357404167691377	0.320931812151732	0.590612752567191	0.235131948905151	-0.130859573327276	0.681260200070141	0.788018411588288	0.808990577045817
Bacteria_Actinobacteria_Coriobacteriia_Coriobacteriales_Coriobacteriaceae_Adlercreutzia_404	0.358015917798082	0.408957781577088	0.461477365439458	0.239836880994793	-0.222877469390232	0.681260200070141	0.788018411588288	0.728376544302058
Bacteria_Firmicutes_Erysipelotrichia_Erysipelotrichales_Erysipelotrichaceae_Holdemania_580	0.358573993789184	0.616097790569817	0.285826207807849	0.0628352512427811	-0.137989134876097	0.681260200070141	0.854135878863089	0.588426810111735
Bacteria_Firmicutes_Clostridia_Clostridiales_Lachnospiraceae_Lachnoclostridium_415	0.359463955214253	0.722636304292412	0.247532207975106	0.0270729856520203	-0.091259197715361	0.681260200070141	0.879772853069561	0.577927829091021
Bacteria_Firmicutes_Clostridia_Clostridiales_Lachnospiraceae_Lachnoclostridium_601	0.361117888262838	0.65807648112352	0.271168214035879	0.0467616808248001	-0.120204097426061	0.681260200070141	0.868554383992986	0.58543601175958
Bacteria_Firmicutes_Clostridia_Clostridiales_Lachnospiraceae_Lactonifactor_1059	0.361681527639008	0.715253658151438	0.251735434757439	0.0239137845957369	-0.0777719042439419	0.681260200070141	0.879772853069561	0.577927829091021
Bacteria_Actinobacteria_Actinobacteria_Bifidobacteriales_Bifidobacteriaceae_Bifidobacterium_313	0.362037549585737	0.48454047674225	0.165260777012485	-0.220857841520031	-0.476353347536435	0.681260200070141	0.799397850550944	0.535454761769479
Bacteria_Actinobacteria_Actinobacteria_Bifidobacteriales_Bifidobacteriaceae_Bifidobacterium_452	0.362892679535533	0.20946510761542	0.27740160840063	0.429619155142901	0.381851475045875	0.681260200070141	0.788018411588288	0.585689422924875
Bacteria_Firmicutes_Clostridia_Clostridiales_Ruminococcaceae_Ruminiclostridium_9_274	0.362954600764607	0.435102190447521	0.168636771341521	0.287591596615059	0.548942737733829	0.681260200070141	0.788018411588288	0.535454761769479
Bacteria_Bacteroidetes_Bacteroidia_Bacteroidales_Bacteroidaceae_Bacteroides_170	0.368257753852606	0.501412025191911	0.168437130509846	0.358835724490474	0.798894758426093	0.681260200070141	0.799397850550944	0.535454761769479
Bacteria_Firmicutes_Clostridia_Clostridiales_Ruminococcaceae_Ruminococcus_1_147	0.368678085119857	0.40164272839759	0.175802005297599	0.457774880830248	0.796361015455814	0.681260200070141	0.788018411588288	0.535621062869321
Bacteria_Fusobacteria_Fusobacteriia_Fusobacteriales_Fusobacteriaceae_Fusobacterium_43	0.369088117031245	0.426981483066776	0.174104922538542	0.476127049233501	0.876615956921074	0.681260200070141	0.788018411588288	0.535454761769479
Bacteria_Bacteroidetes_Bacteroidia_Bacteroidales_Porphyromonadaceae_Parabacteroides_206	0.369601527128102	0.761108269025557	0.177880813355112	0.161944625329787	0.785094836215339	0.681260200070141	0.894642189763	0.536936529201541
Bacteria_Firmicutes_Clostridia_Clostridiales_Lachnospiraceae_NA_444	0.371188724303858	0.679909031376926	0.171200918626783	-0.0907723207822985	-0.320453001607813	0.681260200070141	0.870721093318216	0.535454761769479
Bacteria_Firmicutes_Clostridia_Clostridiales_Lachnospiraceae_Coprococcus_1_212	0.371586569500416	0.977329940234643	0.197937480057648	0.00928400633063459	0.450120935641569	0.681260200070141	0.992354208720045	0.546731297649123
Bacteria_Actinobacteria_Coriobacteriia_Coriobacteriales_Coriobacteriaceae_Eggerthella_401	0.372139762850367	0.272488949214605	0.223347393438626	-0.377817002465061	-0.437042592801971	0.681260200070141	0.788018411588288	0.564428296596837
Bacteria_Firmicutes_Clostridia_Clostridiales_Ruminococcaceae_Ruminiclostridium_9_1178	0.372405749564976	0.260929944751947	0.228827917031524	0.191244106021393	0.214150912465151	0.681260200070141	0.788018411588288	0.566035102330963
Bacteria_Firmicutes_Clostridia_Clostridiales_Ruminococcaceae_Ruminococcaceae_UCG-005_261	0.374066183474096	0.204460074652909	0.322961294520615	0.25275294027884	0.196520914643821	0.681260200070141	0.788018411588288	0.617368496942696
Bacteria_Actinobacteria_Actinobacteria_Micrococcales_Micrococcaceae_Rothia_1203	0.381146580501746	0.194575094865729	0.366932917839689	-0.201090561893491	-0.140780054119616	0.690298806908717	0.788018411588288	0.65469233718959
Bacteria_Firmicutes_Clostridia_Clostridiales_Lachnospiraceae_NA_438	0.389638596004132	0.855853350232984	0.194900674308946	-0.0537943732219032	-0.412729513628502	0.698123255004475	0.949007456380792	0.546731297649123
Bacteria_Firmicutes_Clostridia_Clostridiales_Lachnospiraceae_NA_369	0.393359171594343	0.502688832401667	0.183779023868001	0.256781060140581	0.551130477300118	0.698123255004475	0.799397850550944	0.546731297649123
Bacteria_Actinobacteria_Coriobacteriia_Coriobacteriales_Coriobacteriaceae_NA_309	0.394217262769369	0.694598899758741	0.291057720998415	0.136072602727852	-0.384494232732262	0.698123255004475	0.874282785024516	0.588426810111735
Bacteria_Firmicutes_Clostridia_Clostridiales_Ruminococcaceae_Ruminiclostridium_9_141	0.396120044212367	0.261087572886478	0.253717432091552	0.611601883249689	0.650300033604738	0.698123255004475	0.788018411588288	0.577985890755365
Bacteria_Firmicutes_Clostridia_Clostridiales_Lachnospiraceae_Lachnospira_277	0.396478310966232	0.394740145360306	0.536492745037469	0.267951632443765	-0.201710280013109	0.698123255004475	0.788018411588288	0.768231684168801
Bacteria_Firmicutes_Clostridia_Clostridiales_Lachnospiraceae_Coprococcus_1_1019	0.401512274027574	0.277752865622145	0.258857007769435	-0.148847471025164	-0.157926365468847	0.698123255004475	0.788018411588288	0.577985890755365
Bacteria_Firmicutes_Clostridia_Clostridiales_Ruminococcaceae_NA_410	0.402861775609238	0.208841192064628	0.925029026785221	-0.222343154865106	-0.0162056435628262	0.698123255004475	0.788018411588288	0.97620997138121
Bacteria_Firmicutes_Clostridia_Clostridiales_Lachnospiraceae_Lachnospira_104	0.40543687238056	0.5206470007853	0.191321667252596	0.324270728574918	0.707407110568783	0.698123255004475	0.799768330936384	0.546731297649123
Bacteria_Actinobacteria_Coriobacteriia_Coriobacteriales_Coriobacteriaceae_Slackia_1948	0.4068516192522	0.197212677816549	0.791922330704695	-0.0299573665493009	-0.00588048199649287	0.698123255004475	0.788018411588288	0.924199674700284
Bacteria_Firmicutes_Clostridia_Clostridiales_Ruminococcaceae_Ruminococcaceae_UCG-003_396	0.406881651689725	0.914226188827161	0.20902728556591	-0.00864659187662497	-0.10552669579811	0.698123255004475	0.970806962728516	0.549470305615962
Bacteria_Firmicutes_Clostridia_Clostridiales_Ruminococcaceae_Faecalibacterium_49	0.410704544095069	0.704806482994613	0.197193056509696	0.233212830914897	0.862885498841749	0.70099309620415	0.879772853069561	0.546731297649123
Bacteria_Firmicutes_Clostridia_Clostridiales_Ruminococcaceae_Ruminiclostridium_5_394	0.414805807653083	0.500076208557438	0.200420583548278	0.0739664737857417	0.145586744169557	0.704305694244297	0.799397850550944	0.546731297649123
Bacteria_Firmicutes_Clostridia_Clostridiales_Lachnospiraceae_Lachnoclostridium_291	0.419751876544731	0.635809603520057	0.349212980396581	-0.190723864398115	0.398790634543039	0.707809791918689	0.854135878863089	0.639569840501603
Bacteria_Bacteroidetes_Bacteroidia_Bacteroidales_Bacteroidaceae_Bacteroides_106	0.422003104209572	0.201388187266578	0.703136583826186	-0.107885191629148	-0.0309859259931178	0.707809791918689	0.788018411588288	0.878247227307804
Bacteria_Bacteroidetes_Bacteroidia_Bacteroidales_Bacteroidaceae_Bacteroides_24	0.425924487173144	0.341515635367648	0.247048744959324	-0.117248551252335	-0.14452191599117	0.707809791918689	0.788018411588288	0.577927829091021
Bacteria_Firmicutes_Clostridia_Clostridiales_Ruminococcaceae_Anaerotruncus_257	0.426797158624186	0.63123601383603	0.20292787428081	0.00307766155654571	0.00847006234509029	0.707809791918689	0.854135878863089	0.546731297649123
Bacteria_Firmicutes_Clostridia_Clostridiales_Lachnospiraceae_Dorea_34	0.427725549104238	0.329340979479861	0.661910778162392	-0.370874285520714	0.164919970553241	0.707809791918689	0.788018411588288	0.862949076263541
Bacteria_Firmicutes_Clostridia_Clostridiales_Ruminococcaceae_Ruminococcus_2_27	0.438521549269937	0.302289195030551	0.759701681602739	-0.504680557658669	0.148668416318493	0.714204210619973	0.788018411588288	0.913884679713996
Bacteria_Firmicutes_Clostridia_Clostridiales_Lachnospiraceae_Fusicatenibacter_848	0.438842937806821	0.610178784653016	0.210686466877286	-0.0191495310212751	-0.0487090764965113	0.714204210619973	0.854135878863089	0.549470305615962
Bacteria_Firmicutes_Clostridia_Clostridiales_Ruminococcaceae_Ruminiclostridium_5_586	0.439595816698553	0.424492609023104	0.229192127324193	-0.126415734273772	-0.197412026667691	0.714204210619973	0.788018411588288	0.566035102330963
Bacteria_Firmicutes_Clostridia_Clostridiales_Lachnospiraceae_Coprococcus_1_275	0.440352902866916	0.663672458371258	0.340922879744589	-0.0778080919707216	0.176269681858326	0.714204210619973	0.870721093318216	0.630559018866553
Bacteria_Firmicutes_Clostridia_Clostridiales_Ruminococcaceae_NA_590	0.449823825862555	0.29890925096115	0.790637820496389	0.187425542969256	-0.047136836745695	0.722122962561247	0.788018411588288	0.924199674700284
Bacteria_Actinobacteria_Coriobacteriia_Coriobacteriales_Coriobacteriaceae_NA_819	0.45037298416143	0.221058290830411	0.544414713273402	-0.161685895012782	-0.0780004683159107	0.722122962561247	0.788018411588288	0.775018325445979
Bacteria_Firmicutes_Clostridia_Clostridiales_Lachnospiraceae_Sellimonas_612	0.451880626878817	0.967292418518674	0.258857760464115	0.00971926964425442	-0.283256904433413	0.722122962561247	0.992354208720045	0.577985890755365
Bacteria_Firmicutes_Clostridia_Clostridiales_Peptococcaceae_NA_1185	0.456705677608562	0.960253202563005	0.260625539696438	-0.00351980552044035	0.0825624213763479	0.723638176156268	0.992354208720045	0.577985890755365
Bacteria_Firmicutes_Clostridia_Clostridiales_Lachnospiraceae_Roseburia_67	0.461205579417585	0.2347389997029	0.802731033635873	0.581675665580685	0.122657623214992	0.723638176156268	0.788018411588288	0.924199674700284
Bacteria_Firmicutes_Bacilli_Bacillales_Family_XI_Gemella_360	0.461408910591497	0.237214473936512	0.447715468169013	0.337107964850081	0.220851608245577	0.723638176156268	0.788018411588288	0.723393055601723
Bacteria_Firmicutes_Clostridia_Clostridiales_Lachnospiraceae_Anaerostipes_420	0.463418003816036	0.593963796199499	0.22663358255538	-0.175568149821819	-0.423437991639047	0.723638176156268	0.845555447864789	0.566035102330963
Bacteria_Firmicutes_Clostridia_Clostridiales_Lachnospiraceae_NA_296	0.465378322009909	0.925736546384503	0.248566410407456	0.0178317571523759	0.232081207509655	0.723638176156268	0.974578791628682	0.577927829091021
Bacteria_Firmicutes_Clostridia_Clostridiales_Lachnospiraceae_NA_699	0.466147291389007	0.276666662473337	0.342358731102392	0.356965568080418	0.323167966052743	0.723638176156268	0.788018411588288	0.630559018866553
Bacteria_Firmicutes_Clostridia_Clostridiales_Ruminococcaceae_Anaerotruncus_365	0.470458748086073	0.514666554078636	0.238310847011671	0.0591627516451578	0.110074157494503	0.72376686094598	0.799768330936384	0.577927829091021
Bacteria_Actinobacteria_Actinobacteria_Micrococcales_Micrococcaceae_Rothia_537	0.472957599398595	0.246440983575741	0.844396565518671	0.286453305587802	0.048647345375117	0.72376686094598	0.788018411588288	0.937451758428613
Bacteria_Firmicutes_Clostridia_Clostridiales_Lachnospiraceae_Tyzzerella_75	0.475539007980323	0.393105586327156	0.633830332525883	0.413751069749315	-0.233134584121288	0.72376686094598	0.788018411588288	0.850323820590279
Bacteria_Firmicutes_Clostridia_Clostridiales_Lachnospiraceae_Lachnospiraceae_UCG-010_249	0.47679723621181	0.449941911882049	0.250738733608878	-0.282686041063725	-0.453916835667676	0.72376686094598	0.789202598745899	0.577927829091021
Bacteria_Firmicutes_Clostridia_Clostridiales_Lachnospiraceae_NA_603	0.47733090522511	0.287334888949427	0.366299417617503	-0.0818468232936031	-0.0691574001768779	0.72376686094598	0.788018411588288	0.65469233718959
Bacteria_Firmicutes_Clostridia_Clostridiales_Lachnospiraceae_Blautia_524	0.481896014349465	0.248658813392759	0.792953586011066	-0.443983671852191	-0.102191093421748	0.727306021657063	0.788018411588288	0.924199674700284
Bacteria_Firmicutes_Clostridia_Clostridiales_Lachnospiraceae_Roseburia_54	0.485794776050947	0.945581668007726	0.2966963858517	0.0396773938264485	-0.652755725902744	0.729811506878382	0.988011614649098	0.5933927717034
Bacteria_Firmicutes_Clostridia_Clostridiales_Ruminococcaceae_Anaerofilum_1186	0.492661789344223	0.266989176686374	0.881323398024755	-0.174375686344848	-0.0237583933995617	0.736732767551453	0.788018411588288	0.957704759186901
Bacteria_Firmicutes_Clostridia_Clostridiales_Ruminococcaceae_NA_613	0.497300531289771	0.364415316408958	0.305954298037741	-0.217926461805631	-0.254534831924185	0.740273850230436	0.788018411588288	0.600850006989781
Bacteria_Firmicutes_Clostridia_Clostridiales_Lachnospiraceae_Lachnospiraceae_UCG-001_178	0.500906221483	0.623887078187652	0.251587493330223	0.181972686677985	0.448709650941608	0.742251946379355	0.854135878863089	0.577927829091021
Bacteria_Firmicutes_Clostridia_Clostridiales_Peptostreptococcaceae_Intestinibacter_99	0.506513586941368	0.492264431285067	0.264129443738656	0.376629810471973	0.653775352207802	0.746987146314426	0.799397850550944	0.579448505504188
Bacteria_Firmicutes_Clostridia_Clostridiales_Ruminococcaceae_Ruminococcaceae_NK4A214_group_111	0.508684498410438	0.950471449211223	0.300050345172691	-0.0181771293231943	0.315053237712029	0.746987146314426	0.989947899178462	0.596441539794496
Bacteria_Firmicutes_Erysipelotrichia_Erysipelotrichales_Erysipelotrichaceae_Erysipelatoclostridium_192	0.511901667913344	0.299648989938884	0.407865617926879	-0.339134183466545	-0.273644469395655	0.748340554886772	0.788018411588288	0.688933634425713
Bacteria_Firmicutes_Clostridia_Clostridiales_Ruminococcaceae_Oscillibacter_122	0.518434062383171	0.381962843781665	0.750234938388292	-0.319521328055346	0.118617115694942	0.753119421128001	0.788018411588288	0.905839221905864
Bacteria_Firmicutes_Clostridia_Clostridiales_Lachnospiraceae_Lachnospiraceae_UCG-004_262	0.519791011514725	0.315381106381195	0.966551919419466	0.444543661573006	-0.0188958594569636	0.753119421128001	0.788018411588288	0.990867690977189
Bacteria_Firmicutes_Clostridia_Clostridiales_Lachnospiraceae_Coprococcus_1_552	0.524497661547583	0.393742697832786	0.323237657969196	0.189197441929603	0.222880732165168	0.756576272851823	0.788018411588288	0.617368496942696
Bacteria_Firmicutes_Clostridia_Clostridiales_Ruminococcaceae_Ruminococcaceae_UCG-005_334	0.526946768001068	0.270484775970308	0.611252888777519	0.424289356819559	0.196521167674037	0.756760556688759	0.788018411588288	0.823423312981286
Bacteria_Actinobacteria_Actinobacteria_Micrococcales_Micrococcaceae_Rothia_1006	0.532507698024295	0.307255688114453	0.954361817159942	0.194999976096226	0.0111233253438457	0.759703369534614	0.788018411588288	0.984563140487788
Bacteria_Bacteroidetes_Bacteroidia_Bacteroidales_Prevotellaceae_Prevotella_9_17	0.534937358493037	0.308619151431749	0.98885443707784	0.39749436966724	0.00543873924236164	0.759703369534614	0.788018411588288	0.999505227756263
Bacteria_Firmicutes_Clostridia_Clostridiales_Lachnospiraceae_NA_72	0.539448998181829	0.488207264741888	0.292408414840801	0.451429874382137	0.729090493718484	0.759703369534614	0.799397850550944	0.588426810111735
Bacteria_Proteobacteria_Deltaproteobacteria_Desulfovibrionales_Desulfovibrionaceae_Desulfovibrio_245	0.539720143840537	0.305312327230801	0.466965330549479	-0.367215502983526	-0.260739959366616	0.759703369534614	0.788018411588288	0.728376544302058
Bacteria_Bacteroidetes_Bacteroidia_Bacteroidales_Bacteroidaceae_Bacteroides_20	0.5429825003555	0.434832765897235	0.319209259772332	0.452924554502433	0.598130823266712	0.759703369534614	0.788018411588288	0.617368496942696
Bacteria_Firmicutes_Clostridia_Clostridiales_Lachnospiraceae_NA_46	0.550727650215204	0.431779880632466	0.711569956327291	-0.323835462839251	0.156164631907823	0.759703369534614	0.788018411588288	0.879447622901359
Bacteria_Bacteroidetes_Bacteroidia_Bacteroidales_Porphyromonadaceae_Parabacteroides_18	0.550958004362663	0.449714978598642	0.696362471398597	0.533667161758004	-0.284988480773793	0.759703369534614	0.789202598745899	0.873131406445934
Bacteria_Firmicutes_Clostridia_Clostridiales_Lachnospiraceae_Lachnospira_71	0.555880795411652	0.331742544568676	0.421292424590462	0.619946867555252	0.53301121334084	0.759703369534614	0.788018411588288	0.697591429583954
Bacteria_Firmicutes_Clostridia_Clostridiales_Lachnospiraceae_Tyzzerella_1086	0.556398371778027	0.716994183504555	0.291196751387827	0.0505263356194523	0.153568807174964	0.759703369534614	0.879772853069561	0.588426810111735
Bacteria_Firmicutes_Clostridia_Clostridiales_Christensenellaceae_Christensenellaceae_R-7_group_250	0.557267133326449	0.87641537836649	0.304534942125891	-0.0389432928196245	-0.268186283358317	0.759703369534614	0.953610696361748	0.600850006989781
Bacteria_Firmicutes_Clostridia_Clostridiales_Ruminococcaceae_Butyricicoccus_160	0.558304598102839	0.731344917735739	0.424151598853556	-0.147954768121779	0.360387362743178	0.759703369534614	0.879772853069561	0.697591429583954
Bacteria_Firmicutes_Clostridia_Clostridiales_Lachnospiraceae_Lachnoclostridium_129	0.559092662459347	0.425973746210825	0.716958083742482	0.233471169391626	-0.106782620547486	0.759703369534614	0.788018411588288	0.881668922062298
Bacteria_Bacteroidetes_Bacteroidia_Bacteroidales_Bacteroidaceae_Bacteroides_91	0.559290824197262	0.299268215640604	0.579203606464856	0.239296491107106	0.12612474389734	0.759703369534614	0.788018411588288	0.796710446023388
Bacteria_Firmicutes_Clostridia_Clostridiales_Ruminococcaceae_Ruminococcus_1_47	0.564927888359875	0.379418943628973	0.873435150013757	0.614590540973844	-0.114226973077535	0.764176313715018	0.788018411588288	0.955502882229814
Bacteria_Firmicutes_Clostridia_Clostridiales_Lachnospiraceae_Blautia_50	0.571343259041523	0.390495917556286	0.851183191702053	-0.450223347825827	0.100758106040052	0.767972399813855	0.788018411588288	0.937451758428613
Bacteria_Firmicutes_Clostridia_Clostridiales_Ruminococcaceae_Anaerotruncus_306	0.572732645671587	0.409538881200321	0.802178955637479	0.290027653579818	-0.0902266932013712	0.767972399813855	0.788018411588288	0.924199674700284
Bacteria_Firmicutes_Clostridia_Clostridiales_Family_XIII_NA_462	0.574801428081536	0.368240154435427	0.415167441606636	-0.205638178334182	-0.189814229074728	0.767972399813855	0.788018411588288	0.697591429583954
Bacteria_Firmicutes_Clostridia_Clostridiales_Lachnospiraceae_Anaerostipes_45	0.585326453159989	0.312646509849595	0.682770799003007	-0.581361125962961	-0.239039160466099	0.775869718021635	0.788018411588288	0.866082803404592
Bacteria_Firmicutes_Clostridia_Clostridiales_Ruminococcaceae_Ruminococcus_2_19	0.58547224120651	0.411053596339818	0.387597889187063	0.337474484405303	0.361407160504093	0.775869718021635	0.788018411588288	0.668555089285621
Bacteria_Bacteroidetes_Bacteroidia_Bacteroidales_Bacteroidaceae_Bacteroides_2	0.59083698550725	0.368285796648417	0.448237414820699	0.444709505860437	0.378660938158696	0.779809138766654	0.788018411588288	0.723393055601723
Bacteria_Firmicutes_Clostridia_Clostridiales_Lachnospiraceae_Lachnospiraceae_NK4A136_group_157	0.595851244599987	0.361301922859569	0.9812238813341	-0.295007464625586	0.00761760185840979	0.783256071530627	0.788018411588288	0.999505227756263
Bacteria_Firmicutes_Clostridia_Clostridiales_Lachnospiraceae_Tyzzerella_4_304	0.601304673104803	0.371311722565163	0.455438693681698	-0.294407401170027	-0.253213043506674	0.783816793796205	0.788018411588288	0.728376544302058
Bacteria_Firmicutes_Erysipelotrichia_Erysipelotrichales_Erysipelotrichaceae_Erysipelatoclostridium_175	0.605780944822065	0.397402796208038	0.422082847483197	-0.463160770981642	-0.456975630940487	0.783816793796205	0.788018411588288	0.697591429583954
Bacteria_Bacteroidetes_Bacteroidia_Bacteroidales_Rikenellaceae_Alistipes_185	0.607760050962529	0.40965799073468	0.849911062040668	-0.218032649066046	0.0498728454495217	0.783816793796205	0.788018411588288	0.937451758428613
Bacteria_Firmicutes_Clostridia_Clostridiales_Ruminococcaceae_Ruminiclostridium_6_116	0.608723274836339	0.997470823652299	0.375965215100711	-0.000722820211406556	0.215522841693827	0.783816793796205	0.998326205053929	0.657777024832644
Bacteria_Firmicutes_Erysipelotrichia_Erysipelotrichales_Erysipelotrichaceae_Holdemanella_109	0.611877258689407	0.966611266458855	0.377313814857989	-0.0165502128931293	0.36362375643094	0.783816793796205	0.992354208720045	0.657777024832644
Bacteria_Firmicutes_Clostridia_Clostridiales_Ruminococcaceae_NA_433	0.612479723781737	0.537394819138717	0.351633114871584	0.167941026470573	0.266058085876158	0.783816793796205	0.799957584653981	0.640404443844336
Bacteria_Firmicutes_Clostridia_Clostridiales_Ruminococcaceae_Ruminococcaceae_UCG-002_90	0.613108228276173	0.337567188705712	0.610146118317853	0.572171972788734	0.312674537618837	0.783816793796205	0.788018411588288	0.823423312981286
Bacteria_Firmicutes_Clostridia_Clostridiales_Ruminococcaceae_NA_1026	0.619303496320275	0.721369861495421	0.340325997930323	0.107028900970283	0.305491132526969	0.786755662570681	0.879772853069561	0.630559018866553
Bacteria_Firmicutes_Bacilli_Lactobacillales_Streptococcaceae_Streptococcus_11	0.620233758529647	0.462215323866227	0.385993469856003	0.33605702474117	0.416598136119399	0.786755662570681	0.789202598745899	0.668555089285621
Bacteria_Firmicutes_Clostridia_Clostridiales_Lachnospiraceae_Fusicatenibacter_23	0.627978248848795	0.516747607717298	0.696319864814102	-0.254683108034925	0.157408349251368	0.793491895832198	0.799768330936384	0.873131406445934
Bacteria_Firmicutes_Clostridia_Clostridiales_Ruminococcaceae_Ruminiclostridium_5_324	0.631552753832373	0.54342437656607	0.369519601358541	-0.260025894692842	-0.401841207966523	0.794927404437659	0.805256121638812	0.65469233718959
Bacteria_Bacteroidetes_Bacteroidia_Bacteroidales_Rikenellaceae_Alistipes_28	0.640568710487027	0.367434788986472	0.865144508975678	0.498901223282246	0.0944327712091289	0.799971891347402	0.788018411588288	0.94961989874098
Bacteria_Firmicutes_Clostridia_Clostridiales_Lachnospiraceae_Lachnoclostridium_205	0.642374621338179	0.824123844157967	0.363671611196079	-0.0698756385114281	-0.297199078592303	0.799971891347402	0.936112798590582	0.65469233718959
Bacteria_Firmicutes_Clostridia_Clostridiales_Ruminococcaceae_Anaerotruncus_786	0.643384271004334	0.385016138855589	0.522523065832011	0.210148758458836	0.160319072582553	0.799971891347402	0.788018411588288	0.753727962217857
Bacteria_Firmicutes_Clostridia_Clostridiales_Ruminococcaceae_NA_89	0.64669597107153	0.510356137062441	0.396322752176226	-0.309526130171603	-0.418263002426233	0.799971891347402	0.799768330936384	0.677283822685177
Bacteria_Firmicutes_Clostridia_Clostridiales_Lachnospiraceae_NA_87	0.650068107148233	0.381348213807246	0.557189674645066	-0.512964625783337	-0.355770618024577	0.799971891347402	0.788018411588288	0.786267954261564
Bacteria_Firmicutes_Bacilli_Lactobacillales_Streptococcaceae_Lactococcus_460	0.652114759400435	0.6811015737089	0.367798681768912	0.144162549241754	0.332777049978105	0.799971891347402	0.870721093318216	0.65469233718959
Bacteria_Firmicutes_Clostridia_Clostridiales_Family_XIII_Family_XIII_UCG-001_377	0.653877112329452	0.839792694329559	0.375735669024526	-0.0587986230941255	-0.270857303591341	0.799971891347402	0.944696373832401	0.657777024832644
Bacteria_Firmicutes_Clostridia_Clostridiales_Ruminococcaceae_NA_58	0.655529530880046	0.43226855141924	0.910759320374848	-0.34563020619604	0.0496823786703784	0.799971891347402	0.788018411588288	0.97620997138121
Bacteria_Firmicutes_Clostridia_Clostridiales_Ruminococcaceae_Subdoligranulum_21	0.657645603929766	0.464474760649638	0.844365643987982	-0.441548841824128	0.120972324487434	0.799971891347402	0.789202598745899	0.937451758428613
Bacteria_Firmicutes_Clostridia_Clostridiales_Lachnospiraceae_Lachnoclostridium_279	0.668004674119312	0.4016241140146	0.938139447171625	0.213977328292534	0.0198304107296745	0.809552132947568	0.788018411588288	0.979663742781999
Bacteria_Firmicutes_Bacilli_Lactobacillales_Streptococcaceae_Streptococcus_432	0.67904471027563	0.486934808468647	0.848051873653087	0.229569333916794	-0.0650469088194742	0.819883613147613	0.799397850550944	0.937451758428613
Bacteria_Firmicutes_Clostridia_Clostridiales_Lachnospiraceae_Marvinbryantia_371	0.68463920263072	0.450417920454704	0.962972096807645	-0.273299582546295	0.0173158870816354	0.823588118293781	0.789202598745899	0.990311998609755
Bacteria_Firmicutes_Clostridia_Clostridiales_Lachnospiraceae_Roseburia_3	0.692826024647122	0.464806438525192	0.913550592368238	-0.317695505669524	0.0474512692377785	0.830372367775595	0.789202598745899	0.97620997138121
Bacteria_Firmicutes_Clostridia_Clostridiales_Family_XIII_NA_685	0.697813629667213	0.484044121202646	0.483267613591	-0.222313702441101	-0.232925116094081	0.833286605390152	0.799397850550944	0.74665991483728
Bacteria_Firmicutes_Clostridia_Clostridiales_Lachnospiraceae_Coprococcus_3_81	0.704831565876995	0.414856531238358	0.724539920797545	-0.465455489657816	-0.204993552985988	0.838595220714965	0.788018411588288	0.883765453822524
Bacteria_Firmicutes_Clostridia_Clostridiales_Peptococcaceae_Peptococcus_847	0.709553732859953	0.591377198326491	0.444225690482142	0.0599050093385765	0.0876531595923484	0.840805713519646	0.845555447864789	0.723393055601723
Bacteria_Firmicutes_Clostridia_Clostridiales_Lachnospiraceae_NA_78	0.711847781998228	0.486353644139234	0.518669045695174	0.270717638796589	0.256801050027218	0.840805713519646	0.799397850550944	0.753727962217857
Bacteria_Firmicutes_Clostridia_Clostridiales_Ruminococcaceae_NA_183	0.71806903971665	0.529907851172573	0.844306104072473	-0.344476278232799	0.111204101062665	0.845092082843423	0.799768330936384	0.937451758428613
Bacteria_Actinobacteria_Coriobacteriia_Coriobacteriales_Coriobacteriaceae_Slackia_588	0.724596014000787	0.589259915792014	0.459960883639364	-0.129427038716995	-0.185126836211009	0.849706117137613	0.845555447864789	0.728376544302058
Bacteria_Firmicutes_Clostridia_Clostridiales_Ruminococcaceae_Ruminococcaceae_UCG-002_56	0.740965866021987	0.528381085804141	0.522265267366954	-0.402320555689013	-0.424613792853931	0.865788072842895	0.799768330936384	0.753727962217857
Bacteria_Proteobacteria_Betaproteobacteria_Burkholderiales_Alcaligenaceae_Sutterella_69	0.748223182639066	0.457747936594025	0.770658972779559	0.374119359485606	0.151736650834014	0.871145562644055	0.789202598745899	0.920137007664421
Bacteria_Firmicutes_Clostridia_Clostridiales_Lachnospiraceae_Blautia_39	0.754757974065764	0.912338924870554	0.480190007114564	-0.0625196325723451	-0.42298703573218	0.875626688773804	0.970806962728516	0.745437820568323
Bacteria_Firmicutes_Clostridia_Clostridiales_Ruminococcaceae_Ruminococcaceae_UCG-004_121	0.759193743719485	0.469234816612814	0.798043909417866	-0.248040597630535	-0.0885749682224272	0.877649505150894	0.79259352443408	0.924199674700284
Bacteria_Firmicutes_Bacilli_Lactobacillales_Streptococcaceae_Streptococcus_74	0.76558255978816	0.67735409348541	0.719398568308501	0.222291788720599	-0.200503463445211	0.881907825056325	0.870721093318216	0.881668922062298
Bacteria_Firmicutes_Clostridia_Clostridiales_Ruminococcaceae_Butyricicoccus_695	0.776806343777781	0.709752758816025	0.491690123003066	0.0939855658549707	0.183193331989914	0.88859865342257	0.879772853069561	0.753727962217857
Bacteria_Firmicutes_Clostridia_Clostridiales_Lachnospiraceae_NA_152	0.776842381059609	0.509301650225961	0.646318867643271	-0.273261076563445	-0.19521276406112	0.88859865342257	0.799768330936384	0.853036238266017
Bacteria_Firmicutes_Clostridia_Clostridiales_Ruminococcaceae_Ruminococcaceae_UCG-003_96	0.781515388083827	0.652563640158141	0.513904816667752	0.195150243965548	0.293670139344495	0.889898446997146	0.865227821344605	0.753727962217857
Bacteria_Firmicutes_Clostridia_Clostridiales_Ruminococcaceae_Candidatus_Soleaferrea_725	0.783438203337978	0.855582011096031	0.501240793714765	-0.0471111722120903	-0.184072306178883	0.889898446997146	0.949007456380792	0.753727962217857
Bacteria_Firmicutes_Clostridia_Clostridiales_Ruminococcaceae_Ruminococcaceae_NK4A214_group_107	0.790823267638633	0.749435260588763	0.505100087666876	0.185482426030162	0.406923265779439	0.895168004340953	0.894642189763	0.753727962217857
Bacteria_Firmicutes_Negativicutes_Selenomonadales_Veillonellaceae_Allisonella_325	0.795809358744091	0.994112824378061	0.537290871136462	-0.000869670550947555	-0.0738258140266928	0.897080385975847	0.998326205053929	0.768231684168801
Bacteria_Firmicutes_Clostridia_Clostridiales_Eubacteriaceae_Anaerofustis_1208	0.800850683833734	0.797499017539481	0.515817679113035	-0.0570996986198813	-0.152648890030435	0.897080385975847	0.918673779921805	0.753727962217857
Bacteria_Proteobacteria_Betaproteobacteria_Burkholderiales_Alcaligenaceae_Parasutterella_37	0.802532236269372	0.862392900723941	0.521752398755795	0.0970050207431922	0.375873484993419	0.897080385975847	0.953017239444084	0.753727962217857
Bacteria_Actinobacteria_Coriobacteriia_Coriobacteriales_Coriobacteriaceae_Slackia_1040	0.806229673674988	0.779808839771196	0.522097624318669	0.0651708095271939	0.157349613631888	0.897080385975847	0.901804981814006	0.753727962217857
Bacteria_Firmicutes_Clostridia_Clostridiales_Lachnospiraceae_Lactonifactor_134	0.810424295396174	0.527146741856803	0.814249155882752	0.290130489383872	0.109713716554136	0.897080385975847	0.799768330936384	0.928189444116603
Bacteria_Firmicutes_Clostridia_Clostridiales_Lachnospiraceae_NA_459	0.810629879531908	0.97489723725933	0.569880777566546	-0.00973690062258487	0.183845205477295	0.897080385975847	0.992354208720045	0.789180465448746
Bacteria_Firmicutes_Clostridia_Clostridiales_Ruminococcaceae_NA_497	0.811775195898389	0.52903866297569	0.773366687423471	-0.199130661337619	-0.0944960263788676	0.897080385975847	0.799768330936384	0.920137007664421
Bacteria_Firmicutes_Clostridia_Clostridiales_Lachnospiraceae_Lachnospiraceae_ND3007_group_194	0.817760732394591	0.568910561696304	0.996439260799955	0.189956825377884	0.00153265646783193	0.897983578822175	0.835427221229708	0.999505227756263
Bacteria_Firmicutes_Clostridia_Clostridiales_Lachnospiraceae_Blautia_211	0.818101604018975	0.536506796725091	0.805131004953622	-0.236387296679237	-0.0969643857711653	0.897983578822175	0.799957584653981	0.924199674700284
Bacteria_Firmicutes_Erysipelotrichia_Erysipelotrichales_Erysipelotrichaceae_Erysipelotrichaceae_UCG-003_14	0.823114104119867	0.684454900181847	0.564460676024446	-0.252552542644684	-0.369950212836844	0.90045368437274	0.870721093318216	0.789180465448746
Bacteria_Firmicutes_Clostridia_Clostridiales_Lachnospiraceae_NA_123	0.837070231535519	0.608633936480849	0.951784327600279	0.246093601539917	-0.0296787116696501	0.912658513312974	0.854135878863089	0.984563140487788
Bacteria_Firmicutes_Erysipelotrichia_Erysipelotrichales_Erysipelotrichaceae_Turicibacter_236	0.839963511611796	0.578234666772575	0.712190713024414	-0.163048504618676	-0.112387320914471	0.912760349284818	0.845311665326724	0.879447622901359
Bacteria_Firmicutes_Clostridia_Clostridiales_Ruminococcaceae_Anaerotruncus_587	0.853111143499666	0.586531620378158	0.89003443457573	-0.120388617815469	-0.0313658541526122	0.92396755076708	0.845555447864789	0.962858707408105
Bacteria_Firmicutes_Clostridia_Clostridiales_Ruminococcaceae_Ruminococcaceae_UCG-013_93	0.858164473710744	0.904879070084745	0.594818655077416	-0.039893312101634	-0.18327492598146	0.925300594265408	0.967182219172547	0.811342600649529
Bacteria_Actinobacteria_Actinobacteria_Actinomycetales_Actinomycetaceae_Actinomyces_383	0.860018650498216	0.852151575911622	0.693809710110779	-0.0484216583917964	0.10557167743811	0.925300594265408	0.949007456380792	0.873131406445934
Bacteria_Firmicutes_Clostridia_Clostridiales_Family_XIII_Mogibacterium_1367	0.866377897199293	0.780088971998619	0.604354156511891	0.0393045312727721	0.0766651625842724	0.929076297654505	0.901804981814006	0.820914395928652
Bacteria_Firmicutes_Clostridia_Clostridiales_Ruminococcaceae_Ruminiclostridium_5_238	0.876304079174412	0.618992170977348	0.879721197690925	0.2309841172446	0.0730803168420791	0.93410433039728	0.854135878863089	0.957704759186901
Bacteria_Firmicutes_Clostridia_Clostridiales_Ruminococcaceae_Ruminococcus_1_443	0.880589610928679	0.685187853369475	0.671507859655475	0.132452140570399	0.144965180435675	0.93410433039728	0.870721093318216	0.866082803404592
Bacteria_Firmicutes_Clostridia_Clostridiales_Lachnospiraceae_Hungatella_546	0.881277699779708	0.624194505418283	0.821338012574975	0.152896222908869	0.0733436892321615	0.93410433039728	0.854135878863089	0.929709000345285
Bacteria_Firmicutes_Bacilli_Lactobacillales_Carnobacteriaceae_Granulicatella_343	0.882528017675958	0.686427364977857	0.934498507604068	-0.172190109277464	0.0364970133944579	0.93410433039728	0.870721093318216	0.979570782890438
Bacteria_Firmicutes_Clostridia_Clostridiales_Lachnospiraceae_NA_112	0.891768679322468	0.712849894799854	0.681238333414904	-0.206997605559196	-0.239697588160137	0.940830386599109	0.879772853069561	0.866082803404592
Bacteria_Firmicutes_Bacilli_Lactobacillales_Streptococcaceae_Streptococcus_158	0.899296446112663	0.971222803943814	0.672750978459367	-0.0193280583269208	-0.237685447900834	0.945711746557187	0.992354208720045	0.866082803404592
Bacteria_Actinobacteria_Actinobacteria_Bifidobacteriales_Bifidobacteriaceae_Bifidobacterium_51	0.914906369323529	0.883406227917939	0.681319712827503	-0.0776430681227096	-0.227601697640048	0.95903368617193	0.953610696361748	0.866082803404592
Bacteria_NA_NA_NA_NA_NA_423	0.919302898889746	0.975217785141423	0.726531109277412	0.00889577825304505	-0.105074486016182	0.960553669993773	0.992354208720045	0.883765453822524
Bacteria_Firmicutes_Clostridia_Clostridiales_Ruminococcaceae_Faecalibacterium_143	0.928929063129432	0.7354432640602	0.995251130179365	-0.157821700323997	0.00289871713542155	0.967510781406373	0.881450382660387	0.999505227756263
Bacteria_Firmicutes_Clostridia_Clostridiales_Ruminococcaceae_Subdoligranulum_32	0.936106908913642	0.80568546766414	0.738982590116965	-0.173411045132904	-0.244792179699837	0.971881695241552	0.921591096345647	0.895569979100857
Bacteria_Firmicutes_Clostridia_Clostridiales_Lachnospiraceae_Eisenbergiella_294	0.945016821314476	0.925512426355311	0.79663046746174	0.023292728741269	-0.0651130741269547	0.97504853330892	0.974578791628682	0.924199674700284
Bacteria_Firmicutes_Clostridia_Clostridiales_Lachnospiraceae_Dorea_105	0.94513906909699	0.760630756313098	0.992255200848237	-0.134186641960728	-0.004420561890988	0.97504853330892	0.894642189763	0.999505227756263
Bacteria_Firmicutes_Clostridia_Clostridiales_Ruminococcaceae_Ruminococcaceae_UCG-013_171	0.952513987617088	0.813714682210858	0.788680257437332	-0.0815291426732653	-0.0950389030503916	0.979556971492653	0.927520931471118	0.924199674700284
Bacteria_Proteobacteria_Betaproteobacteria_Burkholderiales_Alcaligenaceae_Sutterella_118	0.961646982567929	0.939283645750414	0.83143426343107	0.0304716818281191	-0.0875697734086296	0.982500008307668	0.984586715481142	0.937451758428613
Bacteria_Firmicutes_Clostridia_Clostridiales_Lachnospiraceae_Blautia_615	0.965625692571806	0.883356023628644	0.7997121668188	-0.0403740799963189	-0.0728952226222637	0.982500008307668	0.953610696361748	0.924199674700284
Bacteria_Firmicutes_Clostridia_Clostridiales_Lachnospiraceae_Roseburia_173	0.968005043248533	0.854266789335101	0.932431845409726	-0.063339712947555	0.0300023712996007	0.982500008307668	0.949007456380792	0.979570782890438
Bacteria_Firmicutes_Clostridia_Clostridiales_Lachnospiraceae_Blautia_8	0.970590908065072	0.894341964533976	0.814301168764872	-0.0268258884049021	-0.04949639073356	0.982500008307668	0.959064080388409	0.928189444116603
Bacteria_Firmicutes_Clostridia_Clostridiales_Lachnospiraceae_Lachnospiraceae_UCG-004_333	0.973137629933873	0.869457848383003	0.940597397210937	-0.0442899543293085	0.0209906756753145	0.982500008307668	0.953610696361748	0.979663742781999
Bacteria_Firmicutes_Clostridia_Clostridiales_Lachnospiraceae_Anaerostipes_921	0.973458597188272	0.926746703695986	0.821036165277458	0.0317697998794407	0.0818417725394528	0.982500008307668	0.974578791628682	0.929709000345285
Bacteria_Firmicutes_Clostridia_Clostridiales_Lachnospiraceae_Lachnospiraceae_UCG-001_373	0.982585901796402	0.872737630088099	0.989536020068978	-0.0430608262766968	0.00368475225949974	0.986621238023171	0.953610696361748	0.999505227756263
Bacteria_Firmicutes_Clostridia_Clostridiales_Lachnospiraceae_Blautia_455	0.983594792507762	0.870700390780692	0.894812976179838	-0.0702310068321644	-0.059643063369339	0.986621238023171	0.953610696361748	0.962858707408105
Bacteria_Firmicutes_Clostridia_Clostridiales_Lachnospiraceae_Roseburia_35	0.995164959954803	0.964287342060843	0.952865497947215	-0.0299887465445362	0.0413037288275087	0.995164959954803	0.992354208720045	0.984563140487788
